trial_1,trial_2,trial_3,trial_4,trial_5,trial_6,trial_7,trial_8,trial_9,trial_10
179286.83749322934,179286.83749322934,179286.83749322934,179286.83749322934,179286.83749322934,179286.83749322934,179286.83749322934,179286.83749322934,179286.83749322934,179286.83749322934
65700.12562106122,65700.12562106122,65700.12562106122,65700.12562106122,65700.12562106122,65700.12562106122,65700.12562106122,65700.12562106122,65700.12562106122,65700.12562106122
65700.12562106122,65700.12562106122,65700.12562106122,65700.12562106122,65700.12562106122,65700.12562106122,65700.12562106122,65700.12562106122,65700.12562106122,65700.12562106122
65700.12562106122,65700.12562106122,65700.12562106122,65700.12562106122,65700.12562106122,65700.12562106122,65700.12562106122,65700.12562106122,65700.12562106122,65700.12562106122
63427.55397580868,63427.55397580868,63427.55397580868,63427.55397580868,63427.55397580868,63427.55397580868,63427.55397580868,63427.55397580868,63427.55397580868,63427.55397580868
50293.676693647925,50293.676693647925,50293.676693647925,50293.676693647925,50293.676693647925,50293.676693647925,50293.676693647925,50293.676693647925,50293.676693647925,50293.676693647925
49851.83609205435,49851.83609205435,49851.83609205435,49851.83609205435,49851.83609205435,49851.83609205435,49851.83609205435,49851.83609205435,49851.83609205435,49851.83609205435
44702.5554778086,44702.5554778086,44702.5554778086,44702.5554778086,44702.5554778086,44702.5554778086,44702.5554778086,44702.5554778086,44702.5554778086,44702.5554778086
44094.475185353025,44094.475185353025,44094.475185353025,44094.475185353025,44094.475185353025,44094.475185353025,44094.475185353025,44094.475185353025,44094.475185353025,44094.475185353025
30798.544504279176,30798.544504279176,30798.544504279176,30798.544504279176,30798.544504279176,30798.544504279176,30798.544504279176,30798.544504279176,30798.544504279176,30798.544504279176
30675.230291048836,30675.230291048836,30675.230291048836,30675.230291048836,30675.230291048836,30675.230291048836,30675.230291048836,30675.230291048836,30675.230291048836,30675.230291048836
30668.224196189014,30668.224196189014,30668.224196189014,30668.224196189014,30668.224196189014,30668.224196189014,30668.224196189014,30668.224196189014,30668.224196189014,30668.224196189014
29941.927501977974,29941.927501977974,29941.927501977974,29941.927501977974,29941.927501977974,29941.927501977974,29941.927501977974,29941.927501977974,29941.927501977974,29941.927501977974
29439.43636601468,29439.43636601468,29439.43636601468,29439.43636601468,29439.43636601468,29439.43636601468,29439.43636601468,29439.43636601468,29439.43636601468,29439.43636601468
29397.48235824276,29397.48235824276,29397.48235824276,29397.48235824276,29397.48235824276,29397.48235824276,29397.48235824276,29397.48235824276,29397.48235824276,29397.48235824276
29227.3478205886,29227.3478205886,29227.3478205886,29227.3478205886,29227.3478205886,29227.3478205886,29227.3478205886,29227.3478205886,29227.3478205886,29227.3478205886
29169.502128540575,29169.502128540575,29169.502128540575,29169.502128540575,29169.502128540575,29169.502128540575,29169.502128540575,29169.502128540575,29169.502128540575,29169.502128540575
26321.224491752255,26321.224491752255,26321.224491752255,26321.224491752255,26321.224491752255,26321.224491752255,26321.224491752255,26321.224491752255,26321.224491752255,26321.224491752255
26158.73760293208,26158.73760293208,26158.73760293208,26158.73760293208,26158.73760293208,26158.73760293208,26158.73760293208,26158.73760293208,26158.73760293208,26158.73760293208
25710.00674916472,25710.00674916472,25710.00674916472,25710.00674916472,25710.00674916472,25710.00674916472,25710.00674916472,25710.00674916472,25710.00674916472,25710.00674916472
25710.00674916472,25710.00674916472,25710.00674916472,25710.00674916472,25710.00674916472,25710.00674916472,25710.00674916472,25710.00674916472,25710.00674916472,25710.00674916472
25699.175578582424,25699.175578582424,25699.175578582424,25699.175578582424,25699.175578582424,25699.175578582424,25699.175578582424,25699.175578582424,25699.175578582424,25699.175578582424
25450.07065924482,25450.07065924482,25450.07065924482,25450.07065924482,25450.07065924482,25450.07065924482,25450.07065924482,25450.07065924482,25450.07065924482,25450.07065924482
24659.9858147845,24659.9858147845,24659.9858147845,24659.9858147845,24659.9858147845,24659.9858147845,24659.9858147845,24659.9858147845,24659.9858147845,24659.9858147845
23805.94271181807,23805.94271181807,23805.94271181807,23805.94271181807,23805.94271181807,23805.94271181807,23805.94271181807,23805.94271181807,23805.94271181807,23805.94271181807
23805.94271181807,23805.94271181807,23805.94271181807,23805.94271181807,23805.94271181807,23805.94271181807,23805.94271181807,23805.94271181807,23805.94271181807,23805.94271181807
23744.612941729752,23744.612941729752,23744.612941729752,23744.612941729752,23744.612941729752,23744.612941729752,23744.612941729752,23744.612941729752,23744.612941729752,23744.612941729752
23740.458194976432,23740.458194976432,23740.458194976432,23740.458194976432,23740.458194976432,23740.458194976432,23740.458194976432,23740.458194976432,23740.458194976432,23740.458194976432
23580.518108834065,23580.518108834065,23580.518108834065,23580.518108834065,23580.518108834065,23580.518108834065,23580.518108834065,23580.518108834065,23580.518108834065,23580.518108834065
23506.94397770283,23506.94397770283,23506.94397770283,23506.94397770283,23506.94397770283,23506.94397770283,23506.94397770283,23506.94397770283,23506.94397770283,23506.94397770283
23191.850336182797,23191.850336182797,23191.850336182797,23191.850336182797,23191.850336182797,23191.850336182797,23191.850336182797,23191.850336182797,23191.850336182797,23191.850336182797
22960.51301405991,22960.51301405991,22960.51301405991,22960.51301405991,22960.51301405991,22960.51301405991,22960.51301405991,22960.51301405991,22960.51301405991,22960.51301405991
22949.86669381302,22949.86669381302,22949.86669381302,22949.86669381302,22949.86669381302,22949.86669381302,22949.86669381302,22949.86669381302,22949.86669381302,22949.86669381302
22565.435897065923,22565.435897065923,22565.435897065923,22565.435897065923,22565.435897065923,22565.435897065923,22565.435897065923,22565.435897065923,22565.435897065923,22565.435897065923
21298.431093560437,21298.431093560437,21298.431093560437,21298.431093560437,21298.431093560437,21298.431093560437,21298.431093560437,21298.431093560437,21298.431093560437,21298.431093560437
21196.776250096296,21196.776250096296,21196.776250096296,21196.776250096296,21196.776250096296,21196.776250096296,21196.776250096296,21196.776250096296,21196.776250096296,21196.776250096296
21157.19600020772,21157.19600020772,21157.19600020772,21157.19600020772,21157.19600020772,21157.19600020772,21157.19600020772,21157.19600020772,21157.19600020772,21157.19600020772
20916.209788618125,20916.209788618125,20916.209788618125,20916.209788618125,20916.209788618125,20916.209788618125,20916.209788618125,20916.209788618125,20916.209788618125,20916.209788618125
20908.388766692635,20908.388766692635,20908.388766692635,20908.388766692635,20908.388766692635,20908.388766692635,20908.388766692635,20908.388766692635,20908.388766692635,20908.388766692635
20758.71135978228,20758.71135978228,20758.71135978228,20758.71135978228,20758.71135978228,20758.71135978228,20758.71135978228,20758.71135978228,20758.71135978228,20758.71135978228
20708.676386706622,20708.676386706622,20708.676386706622,20708.676386706622,20708.676386706622,20708.676386706622,20708.676386706622,20708.676386706622,20708.676386706622,20708.676386706622
20371.128234330085,20371.128234330085,20371.128234330085,20371.128234330085,20371.128234330085,20371.128234330085,20371.128234330085,20371.128234330085,20371.128234330085,20371.128234330085
20366.86005273914,20366.86005273914,20366.86005273914,20366.86005273914,20366.86005273914,20366.86005273914,20366.86005273914,20366.86005273914,20366.86005273914,20366.86005273914
20095.610593368605,20095.610593368605,20095.610593368605,20095.610593368605,20095.610593368605,20095.610593368605,20095.610593368605,20095.610593368605,20095.610593368605,20095.610593368605
20063.812733755185,20063.812733755185,20063.812733755185,20063.812733755185,20063.812733755185,20063.812733755185,20063.812733755185,20063.812733755185,20063.812733755185,20063.812733755185
20011.379420557085,20011.379420557085,20011.379420557085,20011.379420557085,20011.379420557085,20011.379420557085,20011.379420557085,20011.379420557085,20011.379420557085,20011.379420557085
19979.327950357125,19979.327950357125,19979.327950357125,19979.327950357125,19979.327950357125,19979.327950357125,19979.327950357125,19979.327950357125,19979.327950357125,19979.327950357125
19974.4692634572,19974.4692634572,19974.4692634572,19974.4692634572,19974.4692634572,19974.4692634572,19974.4692634572,19974.4692634572,19974.4692634572,19974.4692634572
19973.594187022823,19973.594187022823,19973.594187022823,19973.594187022823,19973.594187022823,19973.594187022823,19973.594187022823,19973.594187022823,19973.594187022823,19973.594187022823
19973.478177828885,19973.478177828885,19973.478177828885,19973.478177828885,19973.478177828885,19973.478177828885,19973.478177828885,19973.478177828885,19973.478177828885,19973.478177828885
19416.772459474818,19416.772459474818,19416.772459474818,19416.772459474818,19416.772459474818,19416.772459474818,19416.772459474818,19416.772459474818,19416.772459474818,19416.772459474818
19403.61530013664,19403.61530013664,19403.61530013664,19403.61530013664,19403.61530013664,19403.61530013664,19403.61530013664,19403.61530013664,19403.61530013664,19403.61530013664
19231.716793594544,19231.716793594544,19231.716793594544,19231.716793594544,19231.716793594544,19231.716793594544,19231.716793594544,19231.716793594544,19231.716793594544,19231.716793594544
19219.381268459132,19219.381268459132,19219.381268459132,19219.381268459132,19219.381268459132,19219.381268459132,19219.381268459132,19219.381268459132,19219.381268459132,19219.381268459132
19174.76690320193,19174.76690320193,19174.76690320193,19174.76690320193,19174.76690320193,19174.76690320193,19174.76690320193,19174.76690320193,19174.76690320193,19174.76690320193
19173.146200661347,19173.146200661347,19173.146200661347,19173.146200661347,19173.146200661347,19173.146200661347,19173.146200661347,19173.146200661347,19173.146200661347,19173.146200661347
19161.80622374998,19161.80622374998,19161.80622374998,19161.80622374998,19161.80622374998,19161.80622374998,19161.80622374998,19161.80622374998,19161.80622374998,19161.80622374998
19160.071680047502,19160.071680047502,19160.071680047502,19160.071680047502,19160.071680047502,19160.071680047502,19160.071680047502,19160.071680047502,19160.071680047502,19160.071680047502
19066.764056747692,19066.764056747692,19066.764056747692,19066.764056747692,19066.764056747692,19066.764056747692,19066.764056747692,19066.764056747692,19066.764056747692,19066.764056747692
18929.04454760249,18929.04454760249,18929.04454760249,18929.04454760249,18929.04454760249,18929.04454760249,18929.04454760249,18929.04454760249,18929.04454760249,18929.04454760249
18926.887730834685,18926.887730834685,18926.887730834685,18926.887730834685,18926.887730834685,18926.887730834685,18926.887730834685,18926.887730834685,18926.887730834685,18926.887730834685
18912.979359408364,18912.979359408364,18912.979359408364,18912.979359408364,18912.979359408364,18912.979359408364,18912.979359408364,18912.979359408364,18912.979359408364,18912.979359408364
18910.51821981805,18910.51821981805,18910.51821981805,18910.51821981805,18910.51821981805,18910.51821981805,18910.51821981805,18910.51821981805,18910.51821981805,18910.51821981805
18909.257006101878,18909.257006101878,18909.257006101878,18909.257006101878,18909.257006101878,18909.257006101878,18909.257006101878,18909.257006101878,18909.257006101878,18909.257006101878
18908.530342838098,18908.530342838098,18908.530342838098,18908.530342838098,18908.530342838098,18908.530342838098,18908.530342838098,18908.530342838098,18908.530342838098,18908.530342838098
18902.935424670508,18902.935424670508,18902.935424670508,18902.935424670508,18902.935424670508,18902.935424670508,18902.935424670508,18902.935424670508,18902.935424670508,18902.935424670508
18884.8865907241,18884.8865907241,18884.8865907241,18884.8865907241,18884.8865907241,18884.8865907241,18884.8865907241,18884.8865907241,18884.8865907241,18884.8865907241
18760.6438137467,18760.6438137467,18760.6438137467,18760.6438137467,18760.6438137467,18760.6438137467,18760.6438137467,18760.6438137467,18760.6438137467,18760.6438137467
18700.57498093917,18700.57498093917,18700.57498093917,18700.57498093917,18700.57498093917,18700.57498093917,18700.57498093917,18700.57498093917,18700.57498093917,18700.57498093917
18679.45065495723,18679.45065495723,18679.45065495723,18679.45065495723,18679.45065495723,18679.45065495723,18679.45065495723,18679.45065495723,18679.45065495723,18679.45065495723
18675.757049923774,18675.757049923774,18675.757049923774,18675.757049923774,18675.757049923774,18675.757049923774,18675.757049923774,18675.757049923774,18675.757049923774,18675.757049923774
18651.509090993488,18651.509090993488,18651.509090993488,18651.509090993488,18651.509090993488,18651.509090993488,18651.509090993488,18651.509090993488,18651.509090993488,18651.509090993488
18625.41960521846,18625.41960521846,18625.41960521846,18625.41960521846,18625.41960521846,18625.41960521846,18625.41960521846,18625.41960521846,18625.41960521846,18625.41960521846
18601.13778957883,18601.13778957883,18601.13778957883,18601.13778957883,18601.13778957883,18601.13778957883,18601.13778957883,18601.13778957883,18601.13778957883,18601.13778957883
18583.140907626792,18583.140907626792,18583.140907626792,18583.140907626792,18583.140907626792,18583.140907626792,18583.140907626792,18583.140907626792,18583.140907626792,18583.140907626792
18565.266953059287,18565.266953059287,18565.266953059287,18565.266953059287,18565.266953059287,18565.266953059287,18565.266953059287,18565.266953059287,18565.266953059287,18565.266953059287
18490.46421026786,18490.46421026786,18490.46421026786,18490.46421026786,18490.46421026786,18490.46421026786,18490.46421026786,18490.46421026786,18490.46421026786,18490.46421026786
18413.827382050884,18413.827382050884,18413.827382050884,18413.827382050884,18413.827382050884,18413.827382050884,18413.827382050884,18413.827382050884,18413.827382050884,18413.827382050884
18336.251280570737,18336.251280570737,18336.251280570737,18336.251280570737,18336.251280570737,18336.251280570737,18336.251280570737,18336.251280570737,18336.251280570737,18336.251280570737
18305.124500690767,18305.124500690767,18305.124500690767,18305.124500690767,18305.124500690767,18305.124500690767,18305.124500690767,18305.124500690767,18305.124500690767,18305.124500690767
18251.30403986138,18251.30403986138,18251.30403986138,18251.30403986138,18251.30403986138,18251.30403986138,18251.30403986138,18251.30403986138,18251.30403986138,18251.30403986138
18237.72416960022,18237.72416960022,18237.72416960022,18237.72416960022,18237.72416960022,18237.72416960022,18237.72416960022,18237.72416960022,18237.72416960022,18237.72416960022
18189.20304582604,18189.20304582604,18189.20304582604,18189.20304582604,18189.20304582604,18189.20304582604,18189.20304582604,18189.20304582604,18189.20304582604,18189.20304582604
18187.957623444247,18187.957623444247,18187.957623444247,18187.957623444247,18187.957623444247,18187.957623444247,18187.957623444247,18187.957623444247,18187.957623444247,18187.957623444247
18187.70778880741,18187.70778880741,18187.70778880741,18187.70778880741,18187.70778880741,18187.70778880741,18187.70778880741,18187.70778880741,18187.70778880741,18187.70778880741
18186.894698872085,18186.894698872085,18186.894698872085,18186.894698872085,18186.894698872085,18186.894698872085,18186.894698872085,18186.894698872085,18186.894698872085,18186.894698872085
18186.841558450764,18186.841558450764,18186.841558450764,18186.841558450764,18186.841558450764,18186.841558450764,18186.841558450764,18186.841558450764,18186.841558450764,18186.841558450764
18186.826433666833,18186.826433666833,18186.826433666833,18186.826433666833,18186.826433666833,18186.826433666833,18186.826433666833,18186.826433666833,18186.826433666833,18186.826433666833
18185.378524157724,18185.378524157724,18185.378524157724,18185.378524157724,18185.378524157724,18185.378524157724,18185.378524157724,18185.378524157724,18185.378524157724,18185.378524157724
18185.08703148755,18185.08703148755,18185.08703148755,18185.08703148755,18185.08703148755,18185.08703148755,18185.08703148755,18185.08703148755,18185.08703148755,18185.08703148755
18184.87939319064,18184.87939319064,18184.87939319064,18184.87939319064,18184.87939319064,18184.87939319064,18184.87939319064,18184.87939319064,18184.87939319064,18184.87939319064
18182.716212138956,18182.716212138956,18182.716212138956,18182.716212138956,18182.716212138956,18182.716212138956,18182.716212138956,18182.716212138956,18182.716212138956,18182.716212138956
18182.06621199874,18182.06621199874,18182.06621199874,18182.06621199874,18182.06621199874,18182.06621199874,18182.06621199874,18182.06621199874,18182.06621199874,18182.06621199874
18181.748565875165,18181.748565875165,18181.748565875165,18181.748565875165,18181.748565875165,18181.748565875165,18181.748565875165,18181.748565875165,18181.748565875165,18181.748565875165
18174.248541608213,18174.248541608213,18174.248541608213,18174.248541608213,18174.248541608213,18174.248541608213,18174.248541608213,18174.248541608213,18174.248541608213,18174.248541608213
18173.077978727764,18173.077978727764,18173.077978727764,18173.077978727764,18173.077978727764,18173.077978727764,18173.077978727764,18173.077978727764,18173.077978727764,18173.077978727764
18160.98956345755,18160.98956345755,18160.98956345755,18160.98956345755,18160.98956345755,18160.98956345755,18160.98956345755,18160.98956345755,18160.98956345755,18160.98956345755
18159.635714920165,18159.635714920165,18159.635714920165,18159.635714920165,18159.635714920165,18159.635714920165,18159.635714920165,18159.635714920165,18159.635714920165,18159.635714920165
18159.635714920165,18159.635714920165,18159.635714920165,18159.635714920165,18159.635714920165,18159.635714920165,18159.635714920165,18159.635714920165,18159.635714920165,18159.635714920165
18158.717902119366,18158.717902119366,18158.717902119366,18158.717902119366,18158.717902119366,18158.717902119366,18158.717902119366,18158.717902119366,18158.717902119366,18158.717902119366
18158.28842810039,18158.28842810039,18158.28842810039,18158.28842810039,18158.28842810039,18158.28842810039,18158.28842810039,18158.28842810039,18158.28842810039,18158.28842810039
18158.13633753637,18158.13633753637,18158.13633753637,18158.13633753637,18158.13633753637,18158.13633753637,18158.13633753637,18158.13633753637,18158.13633753637,18158.13633753637
18157.785004832716,18157.785004832716,18157.785004832716,18157.785004832716,18157.785004832716,18157.785004832716,18157.785004832716,18157.785004832716,18157.785004832716,18157.785004832716
18157.643197486595,18157.643197486595,18157.643197486595,18157.643197486595,18157.643197486595,18157.643197486595,18157.643197486595,18157.643197486595,18157.643197486595,18157.643197486595
18157.479723853216,18157.479723853216,18157.479723853216,18157.479723853216,18157.479723853216,18157.479723853216,18157.479723853216,18157.479723853216,18157.479723853216,18157.479723853216
18154.23627843469,18154.23627843469,18154.23627843469,18154.23627843469,18154.23627843469,18154.23627843469,18154.23627843469,18154.23627843469,18154.23627843469,18154.23627843469
18151.884338054097,18151.884338054097,18151.884338054097,18151.884338054097,18151.884338054097,18151.884338054097,18151.884338054097,18151.884338054097,18151.884338054097,18151.884338054097
18150.365126017536,18150.365126017536,18150.365126017536,18150.365126017536,18150.365126017536,18150.365126017536,18150.365126017536,18150.365126017536,18150.365126017536,18150.365126017536
18150.14258506873,18150.14258506873,18150.14258506873,18150.14258506873,18150.14258506873,18150.14258506873,18150.14258506873,18150.14258506873,18150.14258506873,18150.14258506873
18148.46356338931,18148.46356338931,18148.46356338931,18148.46356338931,18148.46356338931,18148.46356338931,18148.46356338931,18148.46356338931,18148.46356338931,18148.46356338931
18148.018654885534,18148.018654885534,18148.018654885534,18148.018654885534,18148.018654885534,18148.018654885534,18148.018654885534,18148.018654885534,18148.018654885534,18148.018654885534
18147.08764758884,18147.08764758884,18147.08764758884,18147.08764758884,18147.08764758884,18147.08764758884,18147.08764758884,18147.08764758884,18147.08764758884,18147.08764758884
18146.5950997833,18146.5950997833,18146.5950997833,18146.5950997833,18146.5950997833,18146.5950997833,18146.5950997833,18146.5950997833,18146.5950997833,18146.5950997833
18143.6733117784,18143.6733117784,18143.6733117784,18143.6733117784,18143.6733117784,18143.6733117784,18143.6733117784,18143.6733117784,18143.6733117784,18143.6733117784
18131.33432058596,18131.33432058596,18131.33432058596,18131.33432058596,18131.33432058596,18131.33432058596,18131.33432058596,18131.33432058596,18131.33432058596,18131.33432058596
18119.165885453636,18119.165885453636,18119.165885453636,18119.165885453636,18119.165885453636,18119.165885453636,18119.165885453636,18119.165885453636,18119.165885453636,18119.165885453636
18119.16218985603,18119.16218985603,18119.16218985603,18119.16218985603,18119.16218985603,18119.16218985603,18119.16218985603,18119.16218985603,18119.16218985603,18119.16218985603
18118.967478987783,18118.967478987783,18118.967478987783,18118.967478987783,18118.967478987783,18118.967478987783,18118.967478987783,18118.967478987783,18118.967478987783,18118.967478987783
18118.23422896124,18118.23422896124,18118.23422896124,18118.23422896124,18118.23422896124,18118.23422896124,18118.23422896124,18118.23422896124,18118.23422896124,18118.23422896124
18118.229554558136,18118.229554558136,18118.229554558136,18118.229554558136,18118.229554558136,18118.229554558136,18118.229554558136,18118.229554558136,18118.229554558136,18118.229554558136
18118.052433675384,18118.052433675384,18118.052433675384,18118.052433675384,18118.052433675384,18118.052433675384,18118.052433675384,18118.052433675384,18118.052433675384,18118.052433675384
18117.89411295624,18117.89411295624,18117.89411295624,18117.89411295624,18117.89411295624,18117.89411295624,18117.89411295624,18117.89411295624,18117.89411295624,18117.89411295624
18117.7608783928,18117.7608783928,18117.7608783928,18117.7608783928,18117.7608783928,18117.7608783928,18117.7608783928,18117.7608783928,18117.7608783928,18117.7608783928
18117.496963362464,18117.496963362464,18117.496963362464,18117.496963362464,18117.496963362464,18117.496963362464,18117.496963362464,18117.496963362464,18117.496963362464,18117.496963362464
18115.635157771078,18115.635157771078,18115.635157771078,18115.635157771078,18115.635157771078,18115.635157771078,18115.635157771078,18115.635157771078,18115.635157771078,18115.635157771078
18115.150616422685,18115.150616422685,18115.150616422685,18115.150616422685,18115.150616422685,18115.150616422685,18115.150616422685,18115.150616422685,18115.150616422685,18115.150616422685
18114.092615646783,18114.092615646783,18114.092615646783,18114.092615646783,18114.092615646783,18114.092615646783,18114.092615646783,18114.092615646783,18114.092615646783,18114.092615646783
18114.083386037157,18114.083386037157,18114.083386037157,18114.083386037157,18114.083386037157,18114.083386037157,18114.083386037157,18114.083386037157,18114.083386037157,18114.083386037157
18113.907389929627,18113.907389929627,18113.907389929627,18113.907389929627,18113.907389929627,18113.907389929627,18113.907389929627,18113.907389929627,18113.907389929627,18113.907389929627
18113.88901203794,18113.88901203794,18113.88901203794,18113.88901203794,18113.88901203794,18113.88901203794,18113.88901203794,18113.88901203794,18113.88901203794,18113.88901203794
18113.744470554957,18113.744470554957,18113.744470554957,18113.744470554957,18113.744470554957,18113.744470554957,18113.744470554957,18113.744470554957,18113.744470554957,18113.744470554957
18113.582840723415,18113.582840723415,18113.582840723415,18113.582840723415,18113.582840723415,18113.582840723415,18113.582840723415,18113.582840723415,18113.582840723415,18113.582840723415
18113.57957160041,18113.57957160041,18113.57957160041,18113.57957160041,18113.57957160041,18113.57957160041,18113.57957160041,18113.57957160041,18113.57957160041,18113.57957160041
18113.442298883732,18113.442298883732,18113.442298883732,18113.442298883732,18113.442298883732,18113.442298883732,18113.442298883732,18113.442298883732,18113.442298883732,18113.442298883732
18112.931876927407,18112.931876927407,18112.931876927407,18112.931876927407,18112.931876927407,18112.931876927407,18112.931876927407,18112.931876927407,18112.931876927407,18112.931876927407
18112.714803876264,18112.714803876264,18112.714803876264,18112.714803876264,18112.714803876264,18112.714803876264,18112.714803876264,18112.714803876264,18112.714803876264,18112.714803876264
18112.547190146157,18112.547190146157,18112.547190146157,18112.547190146157,18112.547190146157,18112.547190146157,18112.547190146157,18112.547190146157,18112.547190146157,18112.547190146157
18110.80411033593,18110.80411033593,18110.80411033593,18110.80411033593,18110.80411033593,18110.80411033593,18110.80411033593,18110.80411033593,18110.80411033593,18110.80411033593
18110.672923091824,18110.672923091824,18110.672923091824,18110.672923091824,18110.672923091824,18110.672923091824,18110.672923091824,18110.672923091824,18110.672923091824,18110.672923091824
18110.665679584614,18110.665679584614,18110.665679584614,18110.665679584614,18110.665679584614,18110.665679584614,18110.665679584614,18110.665679584614,18110.665679584614,18110.665679584614
18110.66427720642,18110.66427720642,18110.66427720642,18110.66427720642,18110.66427720642,18110.66427720642,18110.66427720642,18110.66427720642,18110.66427720642,18110.66427720642
18110.64764288054,18110.64764288054,18110.64764288054,18110.64764288054,18110.64764288054,18110.64764288054,18110.64764288054,18110.64764288054,18110.64764288054,18110.64764288054
18110.64764288054,18110.64764288054,18110.64764288054,18110.64764288054,18110.64764288054,18110.64764288054,18110.64764288054,18110.64764288054,18110.64764288054,18110.64764288054
18110.64513403197,18110.64513403197,18110.64513403197,18110.64513403197,18110.64513403197,18110.64513403197,18110.64513403197,18110.64513403197,18110.64513403197,18110.64513403197
18110.631355790934,18110.631355790934,18110.631355790934,18110.631355790934,18110.631355790934,18110.631355790934,18110.631355790934,18110.631355790934,18110.631355790934,18110.631355790934
18110.571063613497,18110.571063613497,18110.571063613497,18110.571063613497,18110.571063613497,18110.571063613497,18110.571063613497,18110.571063613497,18110.571063613497,18110.571063613497
18110.53125974735,18110.53125974735,18110.53125974735,18110.53125974735,18110.53125974735,18110.53125974735,18110.53125974735,18110.53125974735,18110.53125974735,18110.53125974735
18110.466359821898,18110.466359821898,18110.466359821898,18110.466359821898,18110.466359821898,18110.466359821898,18110.466359821898,18110.466359821898,18110.466359821898,18110.466359821898
18110.465628403857,18110.465628403857,18110.465628403857,18110.465628403857,18110.465628403857,18110.465628403857,18110.465628403857,18110.465628403857,18110.465628403857,18110.465628403857
18110.462077639153,18110.462077639153,18110.462077639153,18110.462077639153,18110.462077639153,18110.462077639153,18110.462077639153,18110.462077639153,18110.462077639153,18110.462077639153
18110.46152881972,18110.46152881972,18110.46152881972,18110.46152881972,18110.46152881972,18110.46152881972,18110.46152881972,18110.46152881972,18110.46152881972,18110.46152881972
18110.458223380552,18110.458223380552,18110.458223380552,18110.458223380552,18110.458223380552,18110.458223380552,18110.458223380552,18110.458223380552,18110.458223380552,18110.458223380552
18110.453527149795,18110.453527149795,18110.453527149795,18110.453527149795,18110.453527149795,18110.453527149795,18110.453527149795,18110.453527149795,18110.453527149795,18110.453527149795
18110.45123500357,18110.45123500357,18110.45123500357,18110.45123500357,18110.45123500357,18110.45123500357,18110.45123500357,18110.45123500357,18110.45123500357,18110.45123500357
18110.441301480183,18110.441301480183,18110.441301480183,18110.441301480183,18110.441301480183,18110.441301480183,18110.441301480183,18110.441301480183,18110.441301480183,18110.441301480183
18110.38596244405,18110.38596244405,18110.38596244405,18110.38596244405,18110.38596244405,18110.38596244405,18110.38596244405,18110.38596244405,18110.38596244405,18110.38596244405
18110.141542436435,18110.141542436435,18110.141542436435,18110.141542436435,18110.141542436435,18110.141542436435,18110.141542436435,18110.141542436435,18110.141542436435,18110.141542436435
18110.12751514139,18110.12751514139,18110.12751514139,18110.12751514139,18110.12751514139,18110.12751514139,18110.12751514139,18110.12751514139,18110.12751514139,18110.12751514139
18109.54535985734,18109.54535985734,18109.54535985734,18109.54535985734,18109.54535985734,18109.54535985734,18109.54535985734,18109.54535985734,18109.54535985734,18109.54535985734
18109.223609884437,18109.223609884437,18109.223609884437,18109.223609884437,18109.223609884437,18109.223609884437,18109.223609884437,18109.223609884437,18109.223609884437,18109.223609884437
18109.126582929428,18109.126582929428,18109.126582929428,18109.126582929428,18109.126582929428,18109.126582929428,18109.126582929428,18109.126582929428,18109.126582929428,18109.126582929428
18109.115157819473,18109.115157819473,18109.115157819473,18109.115157819473,18109.115157819473,18109.115157819473,18109.115157819473,18109.115157819473,18109.115157819473,18109.115157819473
18109.11319925054,18109.11319925054,18109.11319925054,18109.11319925054,18109.11319925054,18109.11319925054,18109.11319925054,18109.11319925054,18109.11319925054,18109.11319925054
18109.108644738695,18109.108644738695,18109.108644738695,18109.108644738695,18109.108644738695,18109.108644738695,18109.108644738695,18109.108644738695,18109.108644738695,18109.108644738695
18109.095676019584,18109.095676019584,18109.095676019584,18109.095676019584,18109.095676019584,18109.095676019584,18109.095676019584,18109.095676019584,18109.095676019584,18109.095676019584
18109.082770906585,18109.082770906585,18109.082770906585,18109.082770906585,18109.082770906585,18109.082770906585,18109.082770906585,18109.082770906585,18109.082770906585,18109.082770906585
18108.9361473564,18108.9361473564,18108.9361473564,18108.9361473564,18108.9361473564,18108.9361473564,18108.9361473564,18108.9361473564,18108.9361473564,18108.9361473564
18108.879359156705,18108.879359156705,18108.879359156705,18108.879359156705,18108.879359156705,18108.879359156705,18108.879359156705,18108.879359156705,18108.879359156705,18108.879359156705
18108.795892291942,18108.795892291942,18108.795892291942,18108.795892291942,18108.795892291942,18108.795892291942,18108.795892291942,18108.795892291942,18108.795892291942,18108.795892291942
18108.76181488398,18108.76181488398,18108.76181488398,18108.76181488398,18108.76181488398,18108.76181488398,18108.76181488398,18108.76181488398,18108.76181488398,18108.76181488398
18108.61767453301,18108.61767453301,18108.61767453301,18108.61767453301,18108.61767453301,18108.61767453301,18108.61767453301,18108.61767453301,18108.61767453301,18108.61767453301
18108.0853959775,18108.0853959775,18108.0853959775,18108.0853959775,18108.0853959775,18108.0853959775,18108.0853959775,18108.0853959775,18108.0853959775,18108.0853959775
18108.014482695,18108.014482695,18108.014482695,18108.014482695,18108.014482695,18108.014482695,18108.014482695,18108.014482695,18108.014482695,18108.014482695
18107.996400744094,18107.996400744094,18107.996400744094,18107.996400744094,18107.996400744094,18107.996400744094,18107.996400744094,18107.996400744094,18107.996400744094,18107.996400744094
18107.996240856424,18107.996240856424,18107.996240856424,18107.996240856424,18107.996240856424,18107.996240856424,18107.996240856424,18107.996240856424,18107.996240856424,18107.996240856424
18107.996041108414,18107.996041108414,18107.996041108414,18107.996041108414,18107.996041108414,18107.996041108414,18107.996041108414,18107.996041108414,18107.996041108414,18107.996041108414
18106.982658058387,18106.982658058387,18106.982658058387,18106.982658058387,18106.982658058387,18106.982658058387,18106.982658058387,18106.982658058387,18106.982658058387,18106.982658058387
18106.762938960794,18106.762938960794,18106.762938960794,18106.762938960794,18106.762938960794,18106.762938960794,18106.762938960794,18106.762938960794,18106.762938960794,18106.762938960794
18106.7210712433,18106.7210712433,18106.7210712433,18106.7210712433,18106.7210712433,18106.7210712433,18106.7210712433,18106.7210712433,18106.7210712433,18106.7210712433
18106.646638664093,18106.646638664093,18106.646638664093,18106.646638664093,18106.646638664093,18106.646638664093,18106.646638664093,18106.646638664093,18106.646638664093,18106.646638664093
18106.61862847799,18106.61862847799,18106.61862847799,18106.61862847799,18106.61862847799,18106.61862847799,18106.61862847799,18106.61862847799,18106.61862847799,18106.61862847799
18106.615225159534,18106.615225159534,18106.615225159534,18106.615225159534,18106.615225159534,18106.615225159534,18106.615225159534,18106.615225159534,18106.615225159534,18106.615225159534
18106.613963946053,18106.613963946053,18106.613963946053,18106.613963946053,18106.613963946053,18106.613963946053,18106.613963946053,18106.613963946053,18106.613963946053,18106.613963946053
18106.606230600868,18106.606230600868,18106.606230600868,18106.606230600868,18106.606230600868,18106.606230600868,18106.606230600868,18106.606230600868,18106.606230600868,18106.606230600868
18106.580907581236,18106.580907581236,18106.580907581236,18106.580907581236,18106.580907581236,18106.580907581236,18106.580907581236,18106.580907581236,18106.580907581236,18106.580907581236
18106.465294326208,18106.465294326208,18106.465294326208,18106.465294326208,18106.465294326208,18106.465294326208,18106.465294326208,18106.465294326208,18106.465294326208,18106.465294326208
18106.244450278657,18106.244450278657,18106.244450278657,18106.244450278657,18106.244450278657,18106.244450278657,18106.244450278657,18106.244450278657,18106.244450278657,18106.244450278657
18106.206898302535,18106.206898302535,18106.206898302535,18106.206898302535,18106.206898302535,18106.206898302535,18106.206898302535,18106.206898302535,18106.206898302535,18106.206898302535
18106.19203032254,18106.19203032254,18106.19203032254,18106.19203032254,18106.19203032254,18106.19203032254,18106.19203032254,18106.19203032254,18106.19203032254,18106.19203032254
18106.17622504021,18106.17622504021,18106.17622504021,18106.17622504021,18106.17622504021,18106.17622504021,18106.17622504021,18106.17622504021,18106.17622504021,18106.17622504021
18106.171820962754,18106.171820962754,18106.171820962754,18106.171820962754,18106.171820962754,18106.171820962754,18106.171820962754,18106.171820962754,18106.171820962754,18106.171820962754
18106.16417790706,18106.16417790706,18106.16417790706,18106.16417790706,18106.16417790706,18106.16417790706,18106.16417790706,18106.16417790706,18106.16417790706,18106.16417790706
18106.16071336066,18106.16071336066,18106.16071336066,18106.16071336066,18106.16071336066,18106.16071336066,18106.16071336066,18106.16071336066,18106.16071336066,18106.16071336066
18106.145980172845,18106.145980172845,18106.145980172845,18106.145980172845,18106.145980172845,18106.145980172845,18106.145980172845,18106.145980172845,18106.145980172845,18106.145980172845
18106.1389142567,18106.1389142567,18106.1389142567,18106.1389142567,18106.1389142567,18106.1389142567,18106.1389142567,18106.1389142567,18106.1389142567,18106.1389142567
18106.138909060683,18106.138909060683,18106.138909060683,18106.138909060683,18106.138909060683,18106.138909060683,18106.138909060683,18106.138909060683,18106.138909060683,18106.138909060683
18106.138450667284,18106.138450667284,18106.138450667284,18106.138450667284,18106.138450667284,18106.138450667284,18106.138450667284,18106.138450667284,18106.138450667284,18106.138450667284
18106.138395839534,18106.138395839534,18106.138395839534,18106.138395839534,18106.138395839534,18106.138395839534,18106.138395839534,18106.138395839534,18106.138395839534,18106.138395839534
18106.138248624255,18106.138248624255,18106.138248624255,18106.138248624255,18106.138248624255,18106.138248624255,18106.138248624255,18106.138248624255,18106.138248624255,18106.138248624255
18106.13800221943,18106.13800221943,18106.13800221943,18106.13800221943,18106.13800221943,18106.13800221943,18106.13800221943,18106.13800221943,18106.13800221943,18106.13800221943
18106.137096158145,18106.137096158145,18106.137096158145,18106.137096158145,18106.137096158145,18106.137096158145,18106.137096158145,18106.137096158145,18106.137096158145,18106.137096158145
18106.116743059836,18106.116743059836,18106.116743059836,18106.116743059836,18106.116743059836,18106.116743059836,18106.116743059836,18106.116743059836,18106.116743059836,18106.116743059836
18106.098107767317,18106.098107767317,18106.098107767317,18106.098107767317,18106.098107767317,18106.098107767317,18106.098107767317,18106.098107767317,18106.098107767317,18106.098107767317
18106.057743707115,18106.057743707115,18106.057743707115,18106.057743707115,18106.057743707115,18106.057743707115,18106.057743707115,18106.057743707115,18106.057743707115,18106.057743707115
18106.033451732746,18106.033451732746,18106.033451732746,18106.033451732746,18106.033451732746,18106.033451732746,18106.033451732746,18106.033451732746,18106.033451732746,18106.033451732746
18096.99209409083,18096.99209409083,18096.99209409083,18096.99209409083,18096.99209409083,18096.99209409083,18096.99209409083,18096.99209409083,18096.99209409083,18096.99209409083
18064.548359109376,18064.548359109376,18064.548359109376,18064.548359109376,18064.548359109376,18064.548359109376,18064.548359109376,18064.548359109376,18064.548359109376,18064.548359109376
18064.527927869218,18064.527927869218,18064.527927869218,18064.527927869218,18064.527927869218,18064.527927869218,18064.527927869218,18064.527927869218,18064.527927869218,18064.527927869218
18063.86966897653,18063.86966897653,18063.86966897653,18063.86966897653,18063.86966897653,18063.86966897653,18063.86966897653,18063.86966897653,18063.86966897653,18063.86966897653
18046.55256215969,18046.55256215969,18046.55256215969,18046.55256215969,18046.55256215969,18046.55256215969,18046.55256215969,18046.55256215969,18046.55256215969,18046.55256215969
18013.806528393696,18013.806528393696,18013.806528393696,18013.806528393696,18013.806528393696,18013.806528393696,18013.806528393696,18013.806528393696,18013.806528393696,18013.806528393696
17999.610426486357,17999.610426486357,17999.610426486357,17999.610426486357,17999.610426486357,17999.610426486357,17999.610426486357,17999.610426486357,17999.610426486357,17999.610426486357
17994.77460320056,17994.77460320056,17994.77460320056,17994.77460320056,17994.77460320056,17994.77460320056,17994.77460320056,17994.77460320056,17994.77460320056,17994.77460320056
17993.653321113474,17993.653321113474,17993.653321113474,17993.653321113474,17993.653321113474,17993.653321113474,17993.653321113474,17993.653321113474,17993.653321113474,17993.653321113474
17993.324446816536,17993.324446816536,17993.324446816536,17993.324446816536,17993.324446816536,17993.324446816536,17993.324446816536,17993.324446816536,17993.324446816536,17993.324446816536
17992.840899232593,17992.840899232593,17992.840899232593,17992.840899232593,17992.840899232593,17992.840899232593,17992.840899232593,17992.840899232593,17992.840899232593,17992.840899232593
17991.622605304736,17991.622605304736,17991.622605304736,17991.622605304736,17991.622605304736,17991.622605304736,17991.622605304736,17991.622605304736,17991.622605304736,17991.622605304736
17990.711378256197,17990.711378256197,17990.711378256197,17990.711378256197,17990.711378256197,17990.711378256197,17990.711378256197,17990.711378256197,17990.711378256197,17990.711378256197
17985.223652710774,17985.223652710774,17985.223652710774,17985.223652710774,17985.223652710774,17985.223652710774,17985.223652710774,17985.223652710774,17985.223652710774,17985.223652710774
17984.33366342841,17984.33366342841,17984.33366342841,17984.33366342841,17984.33366342841,17984.33366342841,17984.33366342841,17984.33366342841,17984.33366342841,17984.33366342841
17984.059119781483,17984.059119781483,17984.059119781483,17984.059119781483,17984.059119781483,17984.059119781483,17984.059119781483,17984.059119781483,17984.059119781483,17984.059119781483
17982.79298316423,17982.79298316423,17982.79298316423,17982.79298316423,17982.79298316423,17982.79298316423,17982.79298316423,17982.79298316423,17982.79298316423,17982.79298316423
17978.099204949493,17978.099204949493,17978.099204949493,17978.099204949493,17978.099204949493,17978.099204949493,17978.099204949493,17978.099204949493,17978.099204949493,17978.099204949493
17977.027383138487,17977.027383138487,17977.027383138487,17977.027383138487,17977.027383138487,17977.027383138487,17977.027383138487,17977.027383138487,17977.027383138487,17977.027383138487
17968.350219160748,17968.350219160748,17968.350219160748,17968.350219160748,17968.350219160748,17968.350219160748,17968.350219160748,17968.350219160748,17968.350219160748,17968.350219160748
17965.925204877894,17965.925204877894,17965.925204877894,17965.925204877894,17965.925204877894,17965.925204877894,17965.925204877894,17965.925204877894,17965.925204877894,17965.925204877894
17962.278602900344,17962.278602900344,17962.278602900344,17962.278602900344,17962.278602900344,17962.278602900344,17962.278602900344,17962.278602900344,17962.278602900344,17962.278602900344
17955.558609942356,17955.558609942356,17955.558609942356,17955.558609942356,17955.558609942356,17955.558609942356,17955.558609942356,17955.558609942356,17955.558609942356,17955.558609942356
17955.21093974615,17955.21093974615,17955.21093974615,17955.21093974615,17955.21093974615,17955.21093974615,17955.21093974615,17955.21093974615,17955.21093974615,17955.21093974615
17955.001504773532,17955.001504773532,17955.001504773532,17955.001504773532,17955.001504773532,17955.001504773532,17955.001504773532,17955.001504773532,17955.001504773532,17955.001504773532
17954.9497810748,17954.9497810748,17954.9497810748,17954.9497810748,17954.9497810748,17954.9497810748,17954.9497810748,17954.9497810748,17954.9497810748,17954.9497810748
17954.79269519739,17954.79269519739,17954.79269519739,17954.79269519739,17954.79269519739,17954.79269519739,17954.79269519739,17954.79269519739,17954.79269519739,17954.79269519739
17954.792166938918,17954.792166938918,17954.792166938918,17954.792166938918,17954.792166938918,17954.792166938918,17954.792166938918,17954.792166938918,17954.792166938918,17954.792166938918
17954.773446176798,17954.773446176798,17954.773446176798,17954.773446176798,17954.773446176798,17954.773446176798,17954.773446176798,17954.773446176798,17954.773446176798,17954.773446176798
17954.77013325242,17954.77013325242,17954.77013325242,17954.77013325242,17954.77013325242,17954.77013325242,17954.77013325242,17954.77013325242,17954.77013325242,17954.77013325242
17954.770002282334,17954.770002282334,17954.770002282334,17954.770002282334,17954.770002282334,17954.770002282334,17954.770002282334,17954.770002282334,17954.770002282334,17954.770002282334
17954.76937347691,17954.76937347691,17954.76937347691,17954.76937347691,17954.76937347691,17954.76937347691,17954.76937347691,17954.76937347691,17954.76937347691,17954.76937347691
17954.768855900358,17954.768855900358,17954.768855900358,17954.768855900358,17954.768855900358,17954.768855900358,17954.768855900358,17954.768855900358,17954.768855900358,17954.768855900358
17954.768795197113,17954.768795197113,17954.768795197113,17954.768795197113,17954.768795197113,17954.768795197113,17954.768795197113,17954.768795197113,17954.768795197113,17954.768795197113
17954.768734523674,17954.768734523674,17954.768734523674,17954.768734523674,17954.768734523674,17954.768734523674,17954.768734523674,17954.768734523674,17954.768734523674,17954.768734523674
17954.768707889038,17954.768707889038,17954.768707889038,17954.768707889038,17954.768707889038,17954.768707889038,17954.768707889038,17954.768707889038,17954.768707889038,17954.768707889038
17954.768650827336,17954.768650827336,17954.768650827336,17954.768650827336,17954.768650827336,17954.768650827336,17954.768650827336,17954.768650827336,17954.768650827336,17954.768650827336
17954.76864243258,17954.76864243258,17954.76864243258,17954.76864243258,17954.76864243258,17954.76864243258,17954.76864243258,17954.76864243258,17954.76864243258,17954.76864243258
17954.768629275386,17954.768629275386,17954.768629275386,17954.768629275386,17954.768629275386,17954.768629275386,17954.768629275386,17954.768629275386,17954.768629275386,17954.768629275386
17954.76854084688,17954.76854084688,17954.76854084688,17954.76854084688,17954.76854084688,17954.76854084688,17954.76854084688,17954.76854084688,17954.76854084688,17954.76854084688
17954.7681569453,17954.7681569453,17954.7681569453,17954.7681569453,17954.7681569453,17954.7681569453,17954.7681569453,17954.7681569453,17954.7681569453,17954.7681569453
17954.767980121447,17954.767980121447,17954.767980121447,17954.767980121447,17954.767980121447,17954.767980121447,17954.767980121447,17954.767980121447,17954.767980121447,17954.767980121447
17954.767843621266,17954.767843621266,17954.767843621266,17954.767843621266,17954.767843621266,17954.767843621266,17954.767843621266,17954.767843621266,17954.767843621266,17954.767843621266
17954.767746315425,17954.767746315425,17954.767746315425,17954.767746315425,17954.767746315425,17954.767746315425,17954.767746315425,17954.767746315425,17954.767746315425,17954.767746315425
17954.767349490412,17954.767349490412,17954.767349490412,17954.767349490412,17954.767349490412,17954.767349490412,17954.767349490412,17954.767349490412,17954.767349490412,17954.767349490412
17954.76720307234,17954.76720307234,17954.76720307234,17954.76720307234,17954.76720307234,17954.76720307234,17954.76720307234,17954.76720307234,17954.76720307234,17954.76720307234
17954.767024216082,17954.767024216082,17954.767024216082,17954.767024216082,17954.767024216082,17954.767024216082,17954.767024216082,17954.767024216082,17954.767024216082,17954.767024216082
17954.766615932353,17954.766615932353,17954.766615932353,17954.766615932353,17954.766615932353,17954.766615932353,17954.766615932353,17954.766615932353,17954.766615932353,17954.766615932353
17954.766356063505,17954.766356063505,17954.766356063505,17954.766356063505,17954.766356063505,17954.766356063505,17954.766356063505,17954.766356063505,17954.766356063505,17954.766356063505
17954.766249037504,17954.766249037504,17954.766249037504,17954.766249037504,17954.766249037504,17954.766249037504,17954.766249037504,17954.766249037504,17954.766249037504,17954.766249037504
17954.76615853441,17954.76615853441,17954.76615853441,17954.76615853441,17954.76615853441,17954.76615853441,17954.76615853441,17954.76615853441,17954.76615853441,17954.76615853441
17954.766146907372,17954.766146907372,17954.766146907372,17954.766146907372,17954.766146907372,17954.766146907372,17954.766146907372,17954.766146907372,17954.766146907372,17954.766146907372
17954.766130503,17954.766130503,17954.766130503,17954.766130503,17954.766130503,17954.766130503,17954.766130503,17954.766130503,17954.766130503,17954.766130503
17954.766058270285,17954.766058270285,17954.766058270285,17954.766058270285,17954.766058270285,17954.766058270285,17954.766058270285,17954.766058270285,17954.766058270285,17954.766058270285
17954.76576895341,17954.76576895341,17954.76576895341,17954.76576895341,17954.76576895341,17954.76576895341,17954.76576895341,17954.76576895341,17954.76576895341,17954.76576895341
17954.765667133426,17954.765667133426,17954.765667133426,17954.765667133426,17954.765667133426,17954.765667133426,17954.765667133426,17954.765667133426,17954.765667133426,17954.765667133426
17954.76485921838,17954.76485921838,17954.76485921838,17954.76485921838,17954.76485921838,17954.76485921838,17954.76485921838,17954.76485921838,17954.76485921838,17954.76485921838
17954.76395222403,17954.76395222403,17954.76395222403,17954.76395222403,17954.76395222403,17954.76395222403,17954.76395222403,17954.76395222403,17954.76395222403,17954.76395222403
17954.76391375815,17954.76391375815,17954.76391375815,17954.76391375815,17954.76391375815,17954.76391375815,17954.76391375815,17954.76391375815,17954.76391375815,17954.76391375815
17954.763895427637,17954.763895427637,17954.763895427637,17954.763895427637,17954.763895427637,17954.763895427637,17954.763895427637,17954.763895427637,17954.763895427637,17954.763895427637
17954.763789466182,17954.763789466182,17954.763789466182,17954.763789466182,17954.763789466182,17954.763789466182,17954.763789466182,17954.763789466182,17954.763789466182,17954.763789466182
17954.7637693689,17954.7637693689,17954.7637693689,17954.7637693689,17954.7637693689,17954.7637693689,17954.7637693689,17954.7637693689,17954.7637693689,17954.7637693689
17954.763765615655,17954.763765615655,17954.763765615655,17954.763765615655,17954.763765615655,17954.763765615655,17954.763765615655,17954.763765615655,17954.763765615655,17954.763765615655
17954.763764699546,17954.763764699546,17954.763764699546,17954.763764699546,17954.763764699546,17954.763764699546,17954.763764699546,17954.763764699546,17954.763764699546,17954.763764699546
17954.76374712071,17954.76374712071,17954.76374712071,17954.76374712071,17954.76374712071,17954.76374712071,17954.76374712071,17954.76374712071,17954.76374712071,17954.76374712071
17954.76371448888,17954.76371448888,17954.76371448888,17954.76371448888,17954.76371448888,17954.76371448888,17954.76371448888,17954.76371448888,17954.76371448888,17954.76371448888
17954.763605519733,17954.763605519733,17954.763605519733,17954.763605519733,17954.763605519733,17954.763605519733,17954.763605519733,17954.763605519733,17954.763605519733,17954.763605519733
17954.76358964617,17954.76358964617,17954.76358964617,17954.76358964617,17954.76358964617,17954.76358964617,17954.76358964617,17954.76358964617,17954.76358964617,17954.76358964617
17954.763576908972,17954.763576908972,17954.763576908972,17954.763576908972,17954.763576908972,17954.763576908972,17954.763576908972,17954.763576908972,17954.763576908972,17954.763576908972
17954.76344733161,17954.76344733161,17954.76344733161,17954.76344733161,17954.76344733161,17954.76344733161,17954.76344733161,17954.76344733161,17954.76344733161,17954.76344733161
17954.763338797387,17954.763338797387,17954.763338797387,17954.763338797387,17954.763338797387,17954.763338797387,17954.763338797387,17954.763338797387,17954.763338797387,17954.763338797387
17954.763106682945,17954.763106682945,17954.763106682945,17954.763106682945,17954.763106682945,17954.763106682945,17954.763106682945,17954.763106682945,17954.763106682945,17954.763106682945
17954.763072102753,17954.763072102753,17954.763072102753,17954.763072102753,17954.763072102753,17954.763072102753,17954.763072102753,17954.763072102753,17954.763072102753,17954.763072102753
17954.76304969872,17954.76304969872,17954.76304969872,17954.76304969872,17954.76304969872,17954.76304969872,17954.76304969872,17954.76304969872,17954.76304969872,17954.76304969872
17954.76303923717,17954.76303923717,17954.76303923717,17954.76303923717,17954.76303923717,17954.76303923717,17954.76303923717,17954.76303923717,17954.76303923717,17954.76303923717
17954.761583080308,17954.761583080308,17954.761583080308,17954.761583080308,17954.761583080308,17954.761583080308,17954.761583080308,17954.761583080308,17954.761583080308,17954.761583080308
17954.759527039732,17954.759527039732,17954.759527039732,17954.759527039732,17954.759527039732,17954.759527039732,17954.759527039732,17954.759527039732,17954.759527039732,17954.759527039732
17954.759310214446,17954.759310214446,17954.759310214446,17954.759310214446,17954.759310214446,17954.759310214446,17954.759310214446,17954.759310214446,17954.759310214446,17954.759310214446
17954.759282252347,17954.759282252347,17954.759282252347,17954.759282252347,17954.759282252347,17954.759282252347,17954.759282252347,17954.759282252347,17954.759282252347,17954.759282252347
17954.759282252347,17954.759282252347,17954.759282252347,17954.759282252347,17954.759282252347,17954.759282252347,17954.759282252347,17954.759282252347,17954.759282252347,17954.759282252347
17951.383736715758,17951.383736715758,17951.383736715758,17951.383736715758,17951.383736715758,17951.383736715758,17951.383736715758,17951.383736715758,17951.383736715758,17951.383736715758
17950.602643632956,17950.602643632956,17950.602643632956,17950.602643632956,17950.602643632956,17950.602643632956,17950.602643632956,17950.602643632956,17950.602643632956,17950.602643632956
17950.60195372045,17950.60195372045,17950.60195372045,17950.60195372045,17950.60195372045,17950.60195372045,17950.60195372045,17950.60195372045,17950.60195372045,17950.60195372045
17950.60182555418,17950.60182555418,17950.60182555418,17950.60182555418,17950.60182555418,17950.60182555418,17950.60182555418,17950.60182555418,17950.60182555418,17950.60182555418
17950.6016888986,17950.6016888986,17950.6016888986,17950.6016888986,17950.6016888986,17950.6016888986,17950.6016888986,17950.6016888986,17950.6016888986,17950.6016888986
17950.594633847828,17950.594633847828,17950.594633847828,17950.594633847828,17950.594633847828,17950.594633847828,17950.594633847828,17950.594633847828,17950.594633847828,17950.594633847828
17950.51560135653,17950.51560135653,17950.51560135653,17950.51560135653,17950.51560135653,17950.51560135653,17950.51560135653,17950.51560135653,17950.51560135653,17950.51560135653
17949.92431270222,17949.92431270222,17949.92431270222,17949.92431270222,17949.92431270222,17949.92431270222,17949.92431270222,17949.92431270222,17949.92431270222,17949.92431270222
17949.779620914294,17949.779620914294,17949.779620914294,17949.779620914294,17949.779620914294,17949.779620914294,17949.779620914294,17949.779620914294,17949.779620914294,17949.779620914294
17949.656206277323,17949.656206277323,17949.656206277323,17949.656206277323,17949.656206277323,17949.656206277323,17949.656206277323,17949.656206277323,17949.656206277323,17949.656206277323
17949.647982521215,17949.647982521215,17949.647982521215,17949.647982521215,17949.647982521215,17949.647982521215,17949.647982521215,17949.647982521215,17949.647982521215,17949.647982521215
17949.646762560682,17949.646762560682,17949.646762560682,17949.646762560682,17949.646762560682,17949.646762560682,17949.646762560682,17949.646762560682,17949.646762560682,17949.646762560682
17949.64670124145,17949.64670124145,17949.64670124145,17949.64670124145,17949.64670124145,17949.64670124145,17949.64670124145,17949.64670124145,17949.64670124145,17949.64670124145
17949.64670124145,17949.64670124145,17949.64670124145,17949.64670124145,17949.64670124145,17949.64670124145,17949.64670124145,17949.64670124145,17949.64670124145,17949.64670124145
17949.646680321814,17949.646680321814,17949.646680321814,17949.646680321814,17949.646680321814,17949.646680321814,17949.646680321814,17949.646680321814,17949.646680321814,17949.646680321814
17949.64665598875,17949.64665598875,17949.64665598875,17949.64665598875,17949.64665598875,17949.64665598875,17949.64665598875,17949.64665598875,17949.64665598875,17949.64665598875
17949.64664409918,17949.64664409918,17949.64664409918,17949.64664409918,17949.64664409918,17949.64664409918,17949.64664409918,17949.64664409918,17949.64664409918,17949.64664409918
17949.646608266812,17949.646608266812,17949.646608266812,17949.646608266812,17949.646608266812,17949.646608266812,17949.646608266812,17949.646608266812,17949.646608266812,17949.646608266812
17949.64658161493,17949.64658161493,17949.64658161493,17949.64658161493,17949.64658161493,17949.64658161493,17949.64658161493,17949.64658161493,17949.64658161493,17949.64658161493
17949.64654500848,17949.64654500848,17949.64654500848,17949.64654500848,17949.64654500848,17949.64654500848,17949.64654500848,17949.64654500848,17949.64654500848,17949.64654500848
17949.646454284102,17949.646454284102,17949.646454284102,17949.646454284102,17949.646454284102,17949.646454284102,17949.646454284102,17949.646454284102,17949.646454284102,17949.646454284102
17949.646045145226,17949.646045145226,17949.646045145226,17949.646045145226,17949.646045145226,17949.646045145226,17949.646045145226,17949.646045145226,17949.646045145226,17949.646045145226
17949.64577686073,17949.64577686073,17949.64577686073,17949.64577686073,17949.64577686073,17949.64577686073,17949.64577686073,17949.64577686073,17949.64577686073,17949.64577686073
17949.645721822453,17949.645721822453,17949.645721822453,17949.645721822453,17949.645721822453,17949.645721822453,17949.645721822453,17949.645721822453,17949.645721822453,17949.645721822453
17949.64511415932,17949.64511415932,17949.64511415932,17949.64511415932,17949.64511415932,17949.64511415932,17949.64511415932,17949.64511415932,17949.64511415932,17949.64511415932
17949.64351172219,17949.64351172219,17949.64351172219,17949.64351172219,17949.64351172219,17949.64351172219,17949.64351172219,17949.64351172219,17949.64351172219,17949.64351172219
17949.64290278451,17949.64290278451,17949.64290278451,17949.64290278451,17949.64290278451,17949.64290278451,17949.64290278451,17949.64290278451,17949.64290278451,17949.64290278451
17949.633580078164,17949.633580078164,17949.633580078164,17949.633580078164,17949.633580078164,17949.633580078164,17949.633580078164,17949.633580078164,17949.633580078164,17949.633580078164
17949.632170093337,17949.632170093337,17949.632170093337,17949.632170093337,17949.632170093337,17949.632170093337,17949.632170093337,17949.632170093337,17949.632170093337,17949.632170093337
17949.632025050414,17949.632025050414,17949.632025050414,17949.632025050414,17949.632025050414,17949.632025050414,17949.632025050414,17949.632025050414,17949.632025050414,17949.632025050414
17949.631982340266,17949.631982340266,17949.631982340266,17949.631982340266,17949.631982340266,17949.631982340266,17949.631982340266,17949.631982340266,17949.631982340266,17949.631982340266
17949.631940157884,17949.631940157884,17949.631940157884,17949.631940157884,17949.631940157884,17949.631940157884,17949.631940157884,17949.631940157884,17949.631940157884,17949.631940157884
17949.63183424655,17949.63183424655,17949.63183424655,17949.63183424655,17949.63183424655,17949.63183424655,17949.63183424655,17949.63183424655,17949.63183424655,17949.63183424655
17949.63179228994,17949.63179228994,17949.63179228994,17949.63179228994,17949.63179228994,17949.63179228994,17949.63179228994,17949.63179228994,17949.63179228994,17949.63179228994
17949.631647718692,17949.631647718692,17949.631647718692,17949.631647718692,17949.631647718692,17949.631647718692,17949.631647718692,17949.631647718692,17949.631647718692,17949.631647718692
17949.630210448395,17949.630210448395,17949.630210448395,17949.630210448395,17949.630210448395,17949.630210448395,17949.630210448395,17949.630210448395,17949.630210448395,17949.630210448395
17949.62976361993,17949.62976361993,17949.62976361993,17949.62976361993,17949.62976361993,17949.62976361993,17949.62976361993,17949.62976361993,17949.62976361993,17949.62976361993
17949.629254278887,17949.629254278887,17949.629254278887,17949.629254278887,17949.629254278887,17949.629254278887,17949.629254278887,17949.629254278887,17949.629254278887,17949.629254278887
17949.62891002818,17949.62891002818,17949.62891002818,17949.62891002818,17949.62891002818,17949.62891002818,17949.62891002818,17949.62891002818,17949.62891002818,17949.62891002818
17949.627722509533,17949.627722509533,17949.627722509533,17949.627722509533,17949.627722509533,17949.627722509533,17949.627722509533,17949.627722509533,17949.627722509533,17949.627722509533
17949.627503776755,17949.627503776755,17949.627503776755,17949.627503776755,17949.627503776755,17949.627503776755,17949.627503776755,17949.627503776755,17949.627503776755,17949.627503776755
17949.627262929236,17949.627262929236,17949.627262929236,17949.627262929236,17949.627262929236,17949.627262929236,17949.627262929236,17949.627262929236,17949.627262929236,17949.627262929236
17949.626495585242,17949.626495585242,17949.626495585242,17949.626495585242,17949.626495585242,17949.626495585242,17949.626495585242,17949.626495585242,17949.626495585242,17949.626495585242
17949.6253851862,17949.6253851862,17949.6253851862,17949.6253851862,17949.6253851862,17949.6253851862,17949.6253851862,17949.6253851862,17949.6253851862,17949.6253851862
17949.622535376595,17949.622535376595,17949.622535376595,17949.622535376595,17949.622535376595,17949.622535376595,17949.622535376595,17949.622535376595,17949.622535376595,17949.622535376595
17949.62221589985,17949.62221589985,17949.62221589985,17949.62221589985,17949.62221589985,17949.62221589985,17949.62221589985,17949.62221589985,17949.62221589985,17949.62221589985
17949.621229435703,17949.621229435703,17949.621229435703,17949.621229435703,17949.621229435703,17949.621229435703,17949.621229435703,17949.621229435703,17949.621229435703,17949.621229435703
17949.620715436125,17949.620715436125,17949.620715436125,17949.620715436125,17949.620715436125,17949.620715436125,17949.620715436125,17949.620715436125,17949.620715436125,17949.620715436125
17949.6152516316,17949.6152516316,17949.6152516316,17949.6152516316,17949.6152516316,17949.6152516316,17949.6152516316,17949.6152516316,17949.6152516316,17949.6152516316
17949.61476552744,17949.61476552744,17949.61476552744,17949.61476552744,17949.61476552744,17949.61476552744,17949.61476552744,17949.61476552744,17949.61476552744,17949.61476552744
17949.61476552744,17949.61476552744,17949.61476552744,17949.61476552744,17949.61476552744,17949.61476552744,17949.61476552744,17949.61476552744,17949.61476552744,17949.61476552744
17949.614741109825,17949.614741109825,17949.614741109825,17949.614741109825,17949.614741109825,17949.614741109825,17949.614741109825,17949.614741109825,17949.614741109825,17949.614741109825
17949.61473243833,17949.61473243833,17949.61473243833,17949.61473243833,17949.61473243833,17949.61473243833,17949.61473243833,17949.61473243833,17949.61473243833,17949.61473243833
17949.61449930477,17949.61449930477,17949.61449930477,17949.61449930477,17949.61449930477,17949.61449930477,17949.61449930477,17949.61449930477,17949.61449930477,17949.61449930477
17949.614457247528,17949.614457247528,17949.614457247528,17949.614457247528,17949.614457247528,17949.614457247528,17949.614457247528,17949.614457247528,17949.614457247528,17949.614457247528
17949.614434216248,17949.614434216248,17949.614434216248,17949.614434216248,17949.614434216248,17949.614434216248,17949.614434216248,17949.614434216248,17949.614434216248,17949.614434216248
17949.614389275546,17949.614389275546,17949.614389275546,17949.614389275546,17949.614389275546,17949.614389275546,17949.614389275546,17949.614389275546,17949.614389275546,17949.614389275546
17949.61376804399,17949.61376804399,17949.61376804399,17949.61376804399,17949.61376804399,17949.61376804399,17949.61376804399,17949.61376804399,17949.61376804399,17949.61376804399
17949.612668148133,17949.612668148133,17949.612668148133,17949.612668148133,17949.612668148133,17949.612668148133,17949.612668148133,17949.612668148133,17949.612668148133,17949.612668148133
17949.612464165617,17949.612464165617,17949.612464165617,17949.612464165617,17949.612464165617,17949.612464165617,17949.612464165617,17949.612464165617,17949.612464165617,17949.612464165617
17949.611238937152,17949.611238937152,17949.611238937152,17949.611238937152,17949.611238937152,17949.611238937152,17949.611238937152,17949.611238937152,17949.611238937152,17949.611238937152
17949.610977546152,17949.610977546152,17949.610977546152,17949.610977546152,17949.610977546152,17949.610977546152,17949.610977546152,17949.610977546152,17949.610977546152,17949.610977546152
17949.610815189742,17949.610815189742,17949.610815189742,17949.610815189742,17949.610815189742,17949.610815189742,17949.610815189742,17949.610815189742,17949.610815189742,17949.610815189742
17949.61079565277,17949.61079565277,17949.61079565277,17949.61079565277,17949.61079565277,17949.61079565277,17949.61079565277,17949.61079565277,17949.61079565277,17949.61079565277
17949.610749350613,17949.610749350613,17949.610749350613,17949.610749350613,17949.610749350613,17949.610749350613,17949.610749350613,17949.610749350613,17949.610749350613,17949.610749350613
17949.610623461103,17949.610623461103,17949.610623461103,17949.610623461103,17949.610623461103,17949.610623461103,17949.610623461103,17949.610623461103,17949.610623461103,17949.610623461103
17949.610175611902,17949.610175611902,17949.610175611902,17949.610175611902,17949.610175611902,17949.610175611902,17949.610175611902,17949.610175611902,17949.610175611902,17949.610175611902
17949.60676858767,17949.60676858767,17949.60676858767,17949.60676858767,17949.60676858767,17949.60676858767,17949.60676858767,17949.60676858767,17949.60676858767,17949.60676858767
17949.606755944977,17949.606755944977,17949.606755944977,17949.606755944977,17949.606755944977,17949.606755944977,17949.606755944977,17949.606755944977,17949.606755944977,17949.606755944977
17949.606693459813,17949.606693459813,17949.606693459813,17949.606693459813,17949.606693459813,17949.606693459813,17949.606693459813,17949.606693459813,17949.606693459813,17949.606693459813
17949.606368524244,17949.606368524244,17949.606368524244,17949.606368524244,17949.606368524244,17949.606368524244,17949.606368524244,17949.606368524244,17949.606368524244,17949.606368524244
17949.605862791774,17949.605862791774,17949.605862791774,17949.605862791774,17949.605862791774,17949.605862791774,17949.605862791774,17949.605862791774,17949.605862791774,17949.605862791774
17949.60576459092,17949.60576459092,17949.60576459092,17949.60576459092,17949.60576459092,17949.60576459092,17949.60576459092,17949.60576459092,17949.60576459092,17949.60576459092
17949.605635524887,17949.605635524887,17949.605635524887,17949.605635524887,17949.605635524887,17949.605635524887,17949.605635524887,17949.605635524887,17949.605635524887,17949.605635524887
17949.603870678387,17949.603870678387,17949.603870678387,17949.603870678387,17949.603870678387,17949.603870678387,17949.603870678387,17949.603870678387,17949.603870678387,17949.603870678387
17949.597085460628,17949.597085460628,17949.597085460628,17949.597085460628,17949.597085460628,17949.597085460628,17949.597085460628,17949.597085460628,17949.597085460628,17949.597085460628
17949.590856469338,17949.590856469338,17949.590856469338,17949.590856469338,17949.590856469338,17949.590856469338,17949.590856469338,17949.590856469338,17949.590856469338,17949.590856469338
17949.589527824584,17949.589527824584,17949.589527824584,17949.589527824584,17949.589527824584,17949.589527824584,17949.589527824584,17949.589527824584,17949.589527824584,17949.589527824584
17949.58410296909,17949.58410296909,17949.58410296909,17949.58410296909,17949.58410296909,17949.58410296909,17949.58410296909,17949.58410296909,17949.58410296909,17949.58410296909
17949.576396765315,17949.576396765315,17949.576396765315,17949.576396765315,17949.576396765315,17949.576396765315,17949.576396765315,17949.576396765315,17949.576396765315,17949.576396765315
17949.560280952017,17949.560280952017,17949.560280952017,17949.560280952017,17949.560280952017,17949.560280952017,17949.560280952017,17949.560280952017,17949.560280952017,17949.560280952017
17949.55756643697,17949.55756643697,17949.55756643697,17949.55756643697,17949.55756643697,17949.55756643697,17949.55756643697,17949.55756643697,17949.55756643697,17949.55756643697
17949.555326117523,17949.555326117523,17949.555326117523,17949.555326117523,17949.555326117523,17949.555326117523,17949.555326117523,17949.555326117523,17949.555326117523,17949.555326117523
17949.551698073235,17949.551698073235,17949.551698073235,17949.551698073235,17949.551698073235,17949.551698073235,17949.551698073235,17949.551698073235,17949.551698073235,17949.551698073235
17949.463755022847,17949.463755022847,17949.463755022847,17949.463755022847,17949.463755022847,17949.463755022847,17949.463755022847,17949.463755022847,17949.463755022847,17949.463755022847
17949.30162442187,17949.30162442187,17949.30162442187,17949.30162442187,17949.30162442187,17949.30162442187,17949.30162442187,17949.30162442187,17949.30162442187,17949.30162442187
17948.800483815412,17948.800483815412,17948.800483815412,17948.800483815412,17948.800483815412,17948.800483815412,17948.800483815412,17948.800483815412,17948.800483815412,17948.800483815412
17947.498613593598,17947.498613593598,17947.498613593598,17947.498613593598,17947.498613593598,17947.498613593598,17947.498613593598,17947.498613593598,17947.498613593598,17947.498613593598
17947.493461733586,17947.493461733586,17947.493461733586,17947.493461733586,17947.493461733586,17947.493461733586,17947.493461733586,17947.493461733586,17947.493461733586,17947.493461733586
17947.493194648883,17947.493194648883,17947.493194648883,17947.493194648883,17947.493194648883,17947.493194648883,17947.493194648883,17947.493194648883,17947.493194648883,17947.493194648883
17947.492961038522,17947.492961038522,17947.492961038522,17947.492961038522,17947.492961038522,17947.492961038522,17947.492961038522,17947.492961038522,17947.492961038522,17947.492961038522
17947.4905444205,17947.4905444205,17947.4905444205,17947.4905444205,17947.4905444205,17947.4905444205,17947.4905444205,17947.4905444205,17947.4905444205,17947.4905444205
17947.47955191157,17947.47955191157,17947.47955191157,17947.47955191157,17947.47955191157,17947.47955191157,17947.47955191157,17947.47955191157,17947.47955191157,17947.47955191157
17947.319955045554,17947.319955045554,17947.319955045554,17947.319955045554,17947.319955045554,17947.319955045554,17947.319955045554,17947.319955045554,17947.319955045554,17947.319955045554
17947.097944097088,17947.097944097088,17947.097944097088,17947.097944097088,17947.097944097088,17947.097944097088,17947.097944097088,17947.097944097088,17947.097944097088,17947.097944097088
17947.095509959632,17947.095509959632,17947.095509959632,17947.095509959632,17947.095509959632,17947.095509959632,17947.095509959632,17947.095509959632,17947.095509959632,17947.095509959632
17947.09504641615,17947.09504641615,17947.09504641615,17947.09504641615,17947.09504641615,17947.09504641615,17947.09504641615,17947.09504641615,17947.09504641615,17947.09504641615
17947.093916215774,17947.093916215774,17947.093916215774,17947.093916215774,17947.093916215774,17947.093916215774,17947.093916215774,17947.093916215774,17947.093916215774,17947.093916215774
17947.083410608924,17947.083410608924,17947.083410608924,17947.083410608924,17947.083410608924,17947.083410608924,17947.083410608924,17947.083410608924,17947.083410608924,17947.083410608924
17947.06351661804,17947.06351661804,17947.06351661804,17947.06351661804,17947.06351661804,17947.06351661804,17947.06351661804,17947.06351661804,17947.06351661804,17947.06351661804
17947.012860177856,17947.012860177856,17947.012860177856,17947.012860177856,17947.012860177856,17947.012860177856,17947.012860177856,17947.012860177856,17947.012860177856,17947.012860177856
17946.868964520283,17946.868964520283,17946.868964520283,17946.868964520283,17946.868964520283,17946.868964520283,17946.868964520283,17946.868964520283,17946.868964520283,17946.868964520283
17946.19371247737,17946.19371247737,17946.19371247737,17946.19371247737,17946.19371247737,17946.19371247737,17946.19371247737,17946.19371247737,17946.19371247737,17946.19371247737
17945.79927289279,17945.79927289279,17945.79927289279,17945.79927289279,17945.79927289279,17945.79927289279,17945.79927289279,17945.79927289279,17945.79927289279,17945.79927289279
17945.74925679648,17945.74925679648,17945.74925679648,17945.74925679648,17945.74925679648,17945.74925679648,17945.74925679648,17945.74925679648,17945.74925679648,17945.74925679648
17945.374420119468,17945.374420119468,17945.374420119468,17945.374420119468,17945.374420119468,17945.374420119468,17945.374420119468,17945.374420119468,17945.374420119468,17945.374420119468
17944.51342497418,17944.51342497418,17944.51342497418,17944.51342497418,17944.51342497418,17944.51342497418,17944.51342497418,17944.51342497418,17944.51342497418,17944.51342497418
17944.263580102914,17944.263580102914,17944.263580102914,17944.263580102914,17944.263580102914,17944.263580102914,17944.263580102914,17944.263580102914,17944.263580102914,17944.263580102914
17944.133417037232,17944.133417037232,17944.133417037232,17944.133417037232,17944.133417037232,17944.133417037232,17944.133417037232,17944.133417037232,17944.133417037232,17944.133417037232
17944.069248074662,17944.069248074662,17944.069248074662,17944.069248074662,17944.069248074662,17944.069248074662,17944.069248074662,17944.069248074662,17944.069248074662,17944.069248074662
17944.06851040355,17944.06851040355,17944.06851040355,17944.06851040355,17944.06851040355,17944.06851040355,17944.06851040355,17944.06851040355,17944.06851040355,17944.06851040355
17944.06734563871,17944.06734563871,17944.06734563871,17944.06734563871,17944.06734563871,17944.06734563871,17944.06734563871,17944.06734563871,17944.06734563871,17944.06734563871
17944.06667644952,17944.06667644952,17944.06667644952,17944.06667644952,17944.06667644952,17944.06667644952,17944.06667644952,17944.06667644952,17944.06667644952,17944.06667644952
17944.06638899012,17944.06638899012,17944.06638899012,17944.06638899012,17944.06638899012,17944.06638899012,17944.06638899012,17944.06638899012,17944.06638899012,17944.06638899012
17944.060801930515,17944.060801930515,17944.060801930515,17944.060801930515,17944.060801930515,17944.060801930515,17944.060801930515,17944.060801930515,17944.060801930515,17944.060801930515
17944.042658581988,17944.042658581988,17944.042658581988,17944.042658581988,17944.042658581988,17944.042658581988,17944.042658581988,17944.042658581988,17944.042658581988,17944.042658581988
17943.99906391457,17943.99906391457,17943.99906391457,17943.99906391457,17943.99906391457,17943.99906391457,17943.99906391457,17943.99906391457,17943.99906391457,17943.99906391457
17943.990898445853,17943.990898445853,17943.990898445853,17943.990898445853,17943.990898445853,17943.990898445853,17943.990898445853,17943.990898445853,17943.990898445853,17943.990898445853
17943.96363719803,17943.96363719803,17943.96363719803,17943.96363719803,17943.96363719803,17943.96363719803,17943.96363719803,17943.96363719803,17943.96363719803,17943.96363719803
17943.88654607071,17943.88654607071,17943.88654607071,17943.88654607071,17943.88654607071,17943.88654607071,17943.88654607071,17943.88654607071,17943.88654607071,17943.88654607071
17941.896168876043,17941.896168876043,17941.896168876043,17941.896168876043,17941.896168876043,17941.896168876043,17941.896168876043,17941.896168876043,17941.896168876043,17941.896168876043
17933.86403324169,17933.86403324169,17933.86403324169,17933.86403324169,17933.86403324169,17933.86403324169,17933.86403324169,17933.86403324169,17933.86403324169,17933.86403324169
17931.755206433365,17931.755206433365,17931.755206433365,17931.755206433365,17931.755206433365,17931.755206433365,17931.755206433365,17931.755206433365,17931.755206433365,17931.755206433365
17929.78458879149,17929.78458879149,17929.78458879149,17929.78458879149,17929.78458879149,17929.78458879149,17929.78458879149,17929.78458879149,17929.78458879149,17929.78458879149
17928.996246089464,17928.996246089464,17928.996246089464,17928.996246089464,17928.996246089464,17928.996246089464,17928.996246089464,17928.996246089464,17928.996246089464,17928.996246089464
17928.996246089464,17928.996246089464,17928.996246089464,17928.996246089464,17928.996246089464,17928.996246089464,17928.996246089464,17928.996246089464,17928.996246089464,17928.996246089464
17928.96149740285,17928.96149740285,17928.96149740285,17928.96149740285,17928.96149740285,17928.96149740285,17928.96149740285,17928.96149740285,17928.96149740285,17928.96149740285
17928.94583255967,17928.94583255967,17928.94583255967,17928.94583255967,17928.94583255967,17928.94583255967,17928.94583255967,17928.94583255967,17928.94583255967,17928.94583255967
17928.511378899708,17928.511378899708,17928.511378899708,17928.511378899708,17928.511378899708,17928.511378899708,17928.511378899708,17928.511378899708,17928.511378899708,17928.511378899708
17928.395980209283,17928.395980209283,17928.395980209283,17928.395980209283,17928.395980209283,17928.395980209283,17928.395980209283,17928.395980209283,17928.395980209283,17928.395980209283
17928.395272451915,17928.395272451915,17928.395272451915,17928.395272451915,17928.395272451915,17928.395272451915,17928.395272451915,17928.395272451915,17928.395272451915,17928.395272451915
17928.38994295296,17928.38994295296,17928.38994295296,17928.38994295296,17928.38994295296,17928.38994295296,17928.38994295296,17928.38994295296,17928.38994295296,17928.38994295296
17928.380347980954,17928.380347980954,17928.380347980954,17928.380347980954,17928.380347980954,17928.380347980954,17928.380347980954,17928.380347980954,17928.380347980954,17928.380347980954
17928.37525277903,17928.37525277903,17928.37525277903,17928.37525277903,17928.37525277903,17928.37525277903,17928.37525277903,17928.37525277903,17928.37525277903,17928.37525277903
17928.371312292613,17928.371312292613,17928.371312292613,17928.371312292613,17928.371312292613,17928.371312292613,17928.371312292613,17928.371312292613,17928.371312292613,17928.371312292613
17928.37076268402,17928.37076268402,17928.37076268402,17928.37076268402,17928.37076268402,17928.37076268402,17928.37076268402,17928.37076268402,17928.37076268402,17928.37076268402
17928.369979763414,17928.369979763414,17928.369979763414,17928.369979763414,17928.369979763414,17928.369979763414,17928.369979763414,17928.369979763414,17928.369979763414,17928.369979763414
17928.369916198135,17928.369916198135,17928.369916198135,17928.369916198135,17928.369916198135,17928.369916198135,17928.369916198135,17928.369916198135,17928.369916198135,17928.369916198135
17928.369049413934,17928.369049413934,17928.369049413934,17928.369049413934,17928.369049413934,17928.369049413934,17928.369049413934,17928.369049413934,17928.369049413934,17928.369049413934
17928.36894530458,17928.36894530458,17928.36894530458,17928.36894530458,17928.36894530458,17928.36894530458,17928.36894530458,17928.36894530458,17928.36894530458,17928.36894530458
17928.368367043502,17928.368367043502,17928.368367043502,17928.368367043502,17928.368367043502,17928.368367043502,17928.368367043502,17928.368367043502,17928.368367043502,17928.368367043502
17928.36826176015,17928.36826176015,17928.36826176015,17928.36826176015,17928.36826176015,17928.36826176015,17928.36826176015,17928.36826176015,17928.36826176015,17928.36826176015
17928.367976001322,17928.367976001322,17928.367976001322,17928.367976001322,17928.367976001322,17928.367976001322,17928.367976001322,17928.367976001322,17928.367976001322,17928.367976001322
17928.36747968039,17928.36747968039,17928.36747968039,17928.36747968039,17928.36747968039,17928.36747968039,17928.36747968039,17928.36747968039,17928.36747968039,17928.36747968039
17928.367351608395,17928.367351608395,17928.367351608395,17928.367351608395,17928.367351608395,17928.367351608395,17928.367351608395,17928.367351608395,17928.367351608395,17928.367351608395
17928.367346069215,17928.367346069215,17928.367346069215,17928.367346069215,17928.367346069215,17928.367346069215,17928.367346069215,17928.367346069215,17928.367346069215,17928.367346069215
17928.367334965613,17928.367334965613,17928.367334965613,17928.367334965613,17928.367334965613,17928.367334965613,17928.367334965613,17928.367334965613,17928.367334965613,17928.367334965613
17928.367312410952,17928.367312410952,17928.367312410952,17928.367312410952,17928.367312410952,17928.367312410952,17928.367312410952,17928.367312410952,17928.367312410952,17928.367312410952
17928.36729039182,17928.36729039182,17928.36729039182,17928.36729039182,17928.36729039182,17928.36729039182,17928.36729039182,17928.36729039182,17928.36729039182,17928.36729039182
17928.367287879493,17928.367287879493,17928.367287879493,17928.367287879493,17928.367287879493,17928.367287879493,17928.367287879493,17928.367287879493,17928.367287879493,17928.367287879493
17928.36728538572,17928.36728538572,17928.36728538572,17928.36728538572,17928.36728538572,17928.36728538572,17928.36728538572,17928.36728538572,17928.36728538572,17928.36728538572
17928.3672848479,17928.3672848479,17928.3672848479,17928.3672848479,17928.3672848479,17928.3672848479,17928.3672848479,17928.3672848479,17928.3672848479,17928.3672848479
17928.367284620694,17928.367284620694,17928.367284620694,17928.367284620694,17928.367284620694,17928.367284620694,17928.367284620694,17928.367284620694,17928.367284620694,17928.367284620694
17928.36728457628,17928.36728457628,17928.36728457628,17928.36728457628,17928.36728457628,17928.36728457628,17928.36728457628,17928.36728457628,17928.36728457628,17928.36728457628
17928.367284496486,17928.367284496486,17928.367284496486,17928.367284496486,17928.367284496486,17928.367284496486,17928.367284496486,17928.367284496486,17928.367284496486,17928.367284496486
17928.36728449089,17928.36728449089,17928.36728449089,17928.36728449089,17928.36728449089,17928.36728449089,17928.36728449089,17928.36728449089,17928.36728449089,17928.36728449089
17928.367284475076,17928.367284475076,17928.367284475076,17928.367284475076,17928.367284475076,17928.367284475076,17928.367284475076,17928.367284475076,17928.367284475076,17928.367284475076
17928.367284474323,17928.367284474323,17928.367284474323,17928.367284474323,17928.367284474323,17928.367284474323,17928.367284474323,17928.367284474323,17928.367284474323,17928.367284474323
17928.367284474323,17928.367284474323,17928.367284474323,17928.367284474323,17928.367284474323,17928.367284474323,17928.367284474323,17928.367284474323,17928.367284474323,17928.367284474323
17928.367284474323,17928.367284474323,17928.367284474323,17928.367284474323,17928.367284474323,17928.367284474323,17928.367284474323,17928.367284474323,17928.367284474323,17928.367284474323
17928.36728447411,17928.36728447411,17928.36728447411,17928.36728447411,17928.36728447411,17928.36728447411,17928.36728447411,17928.36728447411,17928.36728447411,17928.36728447411
17928.36728447382,17928.36728447382,17928.36728447382,17928.36728447382,17928.36728447382,17928.36728447382,17928.36728447382,17928.36728447382,17928.36728447382,17928.36728447382
17928.36728447366,17928.36728447366,17928.36728447366,17928.36728447366,17928.36728447366,17928.36728447366,17928.36728447366,17928.36728447366,17928.36728447366,17928.36728447366
17928.367284473403,17928.367284473403,17928.367284473403,17928.367284473403,17928.367284473403,17928.367284473403,17928.367284473403,17928.367284473403,17928.367284473403,17928.367284473403
17928.36728447286,17928.36728447286,17928.36728447286,17928.36728447286,17928.36728447286,17928.36728447286,17928.36728447286,17928.36728447286,17928.36728447286,17928.36728447286
17928.367284472206,17928.367284472206,17928.367284472206,17928.367284472206,17928.367284472206,17928.367284472206,17928.367284472206,17928.367284472206,17928.367284472206,17928.367284472206
17928.367284472155,17928.367284472155,17928.367284472155,17928.367284472155,17928.367284472155,17928.367284472155,17928.367284472155,17928.367284472155,17928.367284472155,17928.367284472155
17928.367284471475,17928.367284471475,17928.367284471475,17928.367284471475,17928.367284471475,17928.367284471475,17928.367284471475,17928.367284471475,17928.367284471475,17928.367284471475
17928.36728446895,17928.36728446895,17928.36728446895,17928.36728446895,17928.36728446895,17928.36728446895,17928.36728446895,17928.36728446895,17928.36728446895,17928.36728446895
17928.367284466985,17928.367284466985,17928.367284466985,17928.367284466985,17928.367284466985,17928.367284466985,17928.367284466985,17928.367284466985,17928.367284466985,17928.367284466985
17928.36728446486,17928.36728446486,17928.36728446486,17928.36728446486,17928.36728446486,17928.36728446486,17928.36728446486,17928.36728446486,17928.36728446486,17928.36728446486
17928.36728445559,17928.36728445559,17928.36728445559,17928.36728445559,17928.36728445559,17928.36728445559,17928.36728445559,17928.36728445559,17928.36728445559,17928.36728445559
17928.36728445389,17928.36728445389,17928.36728445389,17928.36728445389,17928.36728445389,17928.36728445389,17928.36728445389,17928.36728445389,17928.36728445389,17928.36728445389
17928.36728445336,17928.36728445336,17928.36728445336,17928.36728445336,17928.36728445336,17928.36728445336,17928.36728445336,17928.36728445336,17928.36728445336,17928.36728445336
17928.3672844337,17928.3672844337,17928.3672844337,17928.3672844337,17928.3672844337,17928.3672844337,17928.3672844337,17928.3672844337,17928.3672844337,17928.3672844337
17928.367284412816,17928.367284412816,17928.367284412816,17928.367284412816,17928.367284412816,17928.367284412816,17928.367284412816,17928.367284412816,17928.367284412816,17928.367284412816
17928.367284402495,17928.367284402495,17928.367284402495,17928.367284402495,17928.367284402495,17928.367284402495,17928.367284402495,17928.367284402495,17928.367284402495,17928.367284402495
17928.367284402055,17928.367284402055,17928.367284402055,17928.367284402055,17928.367284402055,17928.367284402055,17928.367284402055,17928.367284402055,17928.367284402055,17928.367284402055
17928.367284367447,17928.367284367447,17928.367284367447,17928.367284367447,17928.367284367447,17928.367284367447,17928.367284367447,17928.367284367447,17928.367284367447,17928.367284367447
17928.367284343585,17928.367284343585,17928.367284343585,17928.367284343585,17928.367284343585,17928.367284343585,17928.367284343585,17928.367284343585,17928.367284343585,17928.367284343585
17928.367284333675,17928.367284333675,17928.367284333675,17928.367284333675,17928.367284333675,17928.367284333675,17928.367284333675,17928.367284333675,17928.367284333675,17928.367284333675
17928.367284332962,17928.367284332962,17928.367284332962,17928.367284332962,17928.367284332962,17928.367284332962,17928.367284332962,17928.367284332962,17928.367284332962,17928.367284332962
17928.367284330823,17928.367284330823,17928.367284330823,17928.367284330823,17928.367284330823,17928.367284330823,17928.367284330823,17928.367284330823,17928.367284330823,17928.367284330823
17928.367284329717,17928.367284329717,17928.367284329717,17928.367284329717,17928.367284329717,17928.367284329717,17928.367284329717,17928.367284329717,17928.367284329717,17928.367284329717
17928.367284327145,17928.367284327145,17928.367284327145,17928.367284327145,17928.367284327145,17928.367284327145,17928.367284327145,17928.367284327145,17928.367284327145,17928.367284327145
17928.36728432536,17928.36728432536,17928.36728432536,17928.36728432536,17928.36728432536,17928.36728432536,17928.36728432536,17928.36728432536,17928.36728432536,17928.36728432536
17928.36728432513,17928.36728432513,17928.36728432513,17928.36728432513,17928.36728432513,17928.36728432513,17928.36728432513,17928.36728432513,17928.36728432513,17928.36728432513
17928.367284322147,17928.367284322147,17928.367284322147,17928.367284322147,17928.367284322147,17928.367284322147,17928.367284322147,17928.367284322147,17928.367284322147,17928.367284322147
17928.367284321484,17928.367284321484,17928.367284321484,17928.367284321484,17928.367284321484,17928.367284321484,17928.367284321484,17928.367284321484,17928.367284321484,17928.367284321484
17928.3672843178,17928.3672843178,17928.3672843178,17928.3672843178,17928.3672843178,17928.3672843178,17928.3672843178,17928.3672843178,17928.3672843178,17928.3672843178
17928.36728431449,17928.36728431449,17928.36728431449,17928.36728431449,17928.36728431449,17928.36728431449,17928.36728431449,17928.36728431449,17928.36728431449,17928.36728431449
17928.367284305074,17928.367284305074,17928.367284305074,17928.367284305074,17928.367284305074,17928.367284305074,17928.367284305074,17928.367284305074,17928.367284305074,17928.367284305074
17928.367284305066,17928.367284305066,17928.367284305066,17928.367284305066,17928.367284305066,17928.367284305066,17928.367284305066,17928.367284305066,17928.367284305066,17928.367284305066
17928.367284304175,17928.367284304175,17928.367284304175,17928.367284304175,17928.367284304175,17928.367284304175,17928.367284304175,17928.367284304175,17928.367284304175,17928.367284304175
17928.367284302796,17928.367284302796,17928.367284302796,17928.367284302796,17928.367284302796,17928.367284302796,17928.367284302796,17928.367284302796,17928.367284302796,17928.367284302796
17928.367284301003,17928.367284301003,17928.367284301003,17928.367284301003,17928.367284301003,17928.367284301003,17928.367284301003,17928.367284301003,17928.367284301003,17928.367284301003
17928.367284297074,17928.367284297074,17928.367284297074,17928.367284297074,17928.367284297074,17928.367284297074,17928.367284297074,17928.367284297074,17928.367284297074,17928.367284297074
17928.367284295226,17928.367284295226,17928.367284295226,17928.367284295226,17928.367284295226,17928.367284295226,17928.367284295226,17928.367284295226,17928.367284295226,17928.367284295226
17928.36728429485,17928.36728429485,17928.36728429485,17928.36728429485,17928.36728429485,17928.36728429485,17928.36728429485,17928.36728429485,17928.36728429485,17928.36728429485
17928.36728429485,17928.36728429485,17928.36728429485,17928.36728429485,17928.36728429485,17928.36728429485,17928.36728429485,17928.36728429485,17928.36728429485,17928.36728429485
17928.36728429485,17928.36728429485,17928.36728429485,17928.36728429485,17928.36728429485,17928.36728429485,17928.36728429485,17928.36728429485,17928.36728429485,17928.36728429485
17928.367284281852,17928.367284281852,17928.367284281852,17928.367284281852,17928.367284281852,17928.367284281852,17928.367284281852,17928.367284281852,17928.367284281852,17928.367284281852
17928.367284279164,17928.367284279164,17928.367284279164,17928.367284279164,17928.367284279164,17928.367284279164,17928.367284279164,17928.367284279164,17928.367284279164,17928.367284279164
17928.367284263335,17928.367284263335,17928.367284263335,17928.367284263335,17928.367284263335,17928.367284263335,17928.367284263335,17928.367284263335,17928.367284263335,17928.367284263335
17928.367284220018,17928.367284220018,17928.367284220018,17928.367284220018,17928.367284220018,17928.367284220018,17928.367284220018,17928.367284220018,17928.367284220018,17928.367284220018
17928.36728399074,17928.36728399074,17928.36728399074,17928.36728399074,17928.36728399074,17928.36728399074,17928.36728399074,17928.36728399074,17928.36728399074,17928.36728399074
17928.367283987584,17928.367283987584,17928.367283987584,17928.367283987584,17928.367283987584,17928.367283987584,17928.367283987584,17928.367283987584,17928.367283987584,17928.367283987584
17928.3672839844,17928.3672839844,17928.3672839844,17928.3672839844,17928.3672839844,17928.3672839844,17928.3672839844,17928.3672839844,17928.3672839844,17928.3672839844
17928.367283980206,17928.367283980206,17928.367283980206,17928.367283980206,17928.367283980206,17928.367283980206,17928.367283980206,17928.367283980206,17928.367283980206,17928.367283980206
17928.367283980206,17928.367283980206,17928.367283980206,17928.367283980206,17928.367283980206,17928.367283980206,17928.367283980206,17928.367283980206,17928.367283980206,17928.367283980206
17928.367283957778,17928.367283957778,17928.367283957778,17928.367283957778,17928.367283957778,17928.367283957778,17928.367283957778,17928.367283957778,17928.367283957778,17928.367283957778
17928.367283950287,17928.367283950287,17928.367283950287,17928.367283950287,17928.367283950287,17928.367283950287,17928.367283950287,17928.367283950287,17928.367283950287,17928.367283950287
17928.367283934473,17928.367283934473,17928.367283934473,17928.367283934473,17928.367283934473,17928.367283934473,17928.367283934473,17928.367283934473,17928.367283934473,17928.367283934473
17928.36728388339,17928.36728388339,17928.36728388339,17928.36728388339,17928.36728388339,17928.36728388339,17928.36728388339,17928.36728388339,17928.36728388339,17928.36728388339
17928.367283760814,17928.367283760814,17928.367283760814,17928.367283760814,17928.367283760814,17928.367283760814,17928.367283760814,17928.367283760814,17928.367283760814,17928.367283760814
