trial_1,trial_2,trial_3,trial_4,trial_5,trial_6,trial_7,trial_8,trial_9,trial_10
8278.080568985077,8278.080568985077,8278.080568985077,8278.080568985077,8278.080568985077,8278.080568985077,8278.080568985077,8278.080568985077,8278.080568985077,8278.080568985077
8278.080568985077,8278.080568985077,8278.080568985077,8278.080568985077,8278.080568985077,8278.080568985077,8278.080568985077,8278.080568985077,8278.080568985077,8278.080568985077
8278.080568985077,8278.080568985077,8278.080568985077,8278.080568985077,8278.080568985077,8278.080568985077,8278.080568985077,8278.080568985077,8278.080568985077,8278.080568985077
8079.535938122249,8079.535938122249,8079.535938122249,8079.535938122249,8079.535938122249,8079.535938122249,8079.535938122249,8079.535938122249,8079.535938122249,8079.535938122249
7629.582596486122,7629.582596486122,7629.582596486122,7629.582596486122,7629.582596486122,7629.582596486122,7629.582596486122,7629.582596486122,7629.582596486122,7629.582596486122
7629.582596486122,7629.582596486122,7629.582596486122,7629.582596486122,7629.582596486122,7629.582596486122,7629.582596486122,7629.582596486122,7629.582596486122,7629.582596486122
7629.582596486122,7629.582596486122,7629.582596486122,7629.582596486122,7629.582596486122,7629.582596486122,7629.582596486122,7629.582596486122,7629.582596486122,7629.582596486122
7629.582596486122,7629.582596486122,7629.582596486122,7629.582596486122,7629.582596486122,7629.582596486122,7629.582596486122,7629.582596486122,7629.582596486122,7629.582596486122
7629.582596486122,7629.582596486122,7629.582596486122,7629.582596486122,7629.582596486122,7629.582596486122,7629.582596486122,7629.582596486122,7629.582596486122,7629.582596486122
7629.582596486122,7629.582596486122,7629.582596486122,7629.582596486122,7629.582596486122,7629.582596486122,7629.582596486122,7629.582596486122,7629.582596486122,7629.582596486122
7629.582596486122,7629.582596486122,7629.582596486122,7629.582596486122,7629.582596486122,7629.582596486122,7629.582596486122,7629.582596486122,7629.582596486122,7629.582596486122
7629.582596486122,7629.582596486122,7629.582596486122,7629.582596486122,7629.582596486122,7629.582596486122,7629.582596486122,7629.582596486122,7629.582596486122,7629.582596486122
7629.582596486122,7629.582596486122,7629.582596486122,7629.582596486122,7629.582596486122,7629.582596486122,7629.582596486122,7629.582596486122,7629.582596486122,7629.582596486122
7629.582596486122,7629.582596486122,7629.582596486122,7629.582596486122,7629.582596486122,7629.582596486122,7629.582596486122,7629.582596486122,7629.582596486122,7629.582596486122
7629.582596486122,7629.582596486122,7629.582596486122,7629.582596486122,7629.582596486122,7629.582596486122,7629.582596486122,7629.582596486122,7629.582596486122,7629.582596486122
7629.582596486122,7629.582596486122,7629.582596486122,7629.582596486122,7629.582596486122,7629.582596486122,7629.582596486122,7629.582596486122,7629.582596486122,7629.582596486122
7629.582596486122,7629.582596486122,7629.582596486122,7629.582596486122,7629.582596486122,7629.582596486122,7629.582596486122,7629.582596486122,7629.582596486122,7629.582596486122
7629.582596486122,7629.582596486122,7629.582596486122,7629.582596486122,7629.582596486122,7629.582596486122,7629.582596486122,7629.582596486122,7629.582596486122,7629.582596486122
7629.582596486122,7629.582596486122,7629.582596486122,7629.582596486122,7629.582596486122,7629.582596486122,7629.582596486122,7629.582596486122,7629.582596486122,7629.582596486122
7629.582596486122,7629.582596486122,7629.582596486122,7629.582596486122,7629.582596486122,7629.582596486122,7629.582596486122,7629.582596486122,7629.582596486122,7629.582596486122
7629.582596486122,7629.582596486122,7629.582596486122,7629.582596486122,7629.582596486122,7629.582596486122,7629.582596486122,7629.582596486122,7629.582596486122,7629.582596486122
7629.582596486122,7629.582596486122,7629.582596486122,7629.582596486122,7629.582596486122,7629.582596486122,7629.582596486122,7629.582596486122,7629.582596486122,7629.582596486122
7629.582596486122,7629.582596486122,7629.582596486122,7629.582596486122,7629.582596486122,7629.582596486122,7629.582596486122,7629.582596486122,7629.582596486122,7629.582596486122
7629.582596486122,7629.582596486122,7629.582596486122,7629.582596486122,7629.582596486122,7629.582596486122,7629.582596486122,7629.582596486122,7629.582596486122,7629.582596486122
7629.582596486122,7629.582596486122,7629.582596486122,7629.582596486122,7629.582596486122,7629.582596486122,7629.582596486122,7629.582596486122,7629.582596486122,7629.582596486122
7629.582596486122,7629.582596486122,7629.582596486122,7629.582596486122,7629.582596486122,7629.582596486122,7629.582596486122,7629.582596486122,7629.582596486122,7629.582596486122
7629.582596486122,7629.582596486122,7629.582596486122,7629.582596486122,7629.582596486122,7629.582596486122,7629.582596486122,7629.582596486122,7629.582596486122,7629.582596486122
7629.582596486122,7629.582596486122,7629.582596486122,7629.582596486122,7629.582596486122,7629.582596486122,7629.582596486122,7629.582596486122,7629.582596486122,7629.582596486122
7629.582596486122,7629.582596486122,7629.582596486122,7629.582596486122,7629.582596486122,7629.582596486122,7629.582596486122,7629.582596486122,7629.582596486122,7629.582596486122
7629.582596486122,7629.582596486122,7629.582596486122,7629.582596486122,7629.582596486122,7629.582596486122,7629.582596486122,7629.582596486122,7629.582596486122,7629.582596486122
7629.582596486122,7629.582596486122,7629.582596486122,7629.582596486122,7629.582596486122,7629.582596486122,7629.582596486122,7629.582596486122,7629.582596486122,7629.582596486122
7629.582596486122,7629.582596486122,7629.582596486122,7629.582596486122,7629.582596486122,7629.582596486122,7629.582596486122,7629.582596486122,7629.582596486122,7629.582596486122
7629.582596486122,7629.582596486122,7629.582596486122,7629.582596486122,7629.582596486122,7629.582596486122,7629.582596486122,7629.582596486122,7629.582596486122,7629.582596486122
7629.582596486122,7629.582596486122,7629.582596486122,7629.582596486122,7629.582596486122,7629.582596486122,7629.582596486122,7629.582596486122,7629.582596486122,7629.582596486122
7629.582596486122,7629.582596486122,7629.582596486122,7629.582596486122,7629.582596486122,7629.582596486122,7629.582596486122,7629.582596486122,7629.582596486122,7629.582596486122
7629.582596486122,7629.582596486122,7629.582596486122,7629.582596486122,7629.582596486122,7629.582596486122,7629.582596486122,7629.582596486122,7629.582596486122,7629.582596486122
7629.582596486122,7629.582596486122,7629.582596486122,7629.582596486122,7629.582596486122,7629.582596486122,7629.582596486122,7629.582596486122,7629.582596486122,7629.582596486122
7629.582596486122,7629.582596486122,7629.582596486122,7629.582596486122,7629.582596486122,7629.582596486122,7629.582596486122,7629.582596486122,7629.582596486122,7629.582596486122
7629.582596486122,7629.582596486122,7629.582596486122,7629.582596486122,7629.582596486122,7629.582596486122,7629.582596486122,7629.582596486122,7629.582596486122,7629.582596486122
7629.582596486122,7629.582596486122,7629.582596486122,7629.582596486122,7629.582596486122,7629.582596486122,7629.582596486122,7629.582596486122,7629.582596486122,7629.582596486122
7629.582596486122,7629.582596486122,7629.582596486122,7629.582596486122,7629.582596486122,7629.582596486122,7629.582596486122,7629.582596486122,7629.582596486122,7629.582596486122
7629.582596486122,7629.582596486122,7629.582596486122,7629.582596486122,7629.582596486122,7629.582596486122,7629.582596486122,7629.582596486122,7629.582596486122,7629.582596486122
7629.582596486122,7629.582596486122,7629.582596486122,7629.582596486122,7629.582596486122,7629.582596486122,7629.582596486122,7629.582596486122,7629.582596486122,7629.582596486122
7629.582596486122,7629.582596486122,7629.582596486122,7629.582596486122,7629.582596486122,7629.582596486122,7629.582596486122,7629.582596486122,7629.582596486122,7629.582596486122
7491.514781259718,7491.514781259718,7491.514781259718,7491.514781259718,7491.514781259718,7491.514781259718,7491.514781259718,7491.514781259718,7491.514781259718,7491.514781259718
7491.514781259718,7491.514781259718,7491.514781259718,7491.514781259718,7491.514781259718,7491.514781259718,7491.514781259718,7491.514781259718,7491.514781259718,7491.514781259718
7491.514781259718,7491.514781259718,7491.514781259718,7491.514781259718,7491.514781259718,7491.514781259718,7491.514781259718,7491.514781259718,7491.514781259718,7491.514781259718
7491.514781259718,7491.514781259718,7491.514781259718,7491.514781259718,7491.514781259718,7491.514781259718,7491.514781259718,7491.514781259718,7491.514781259718,7491.514781259718
7491.514781259718,7491.514781259718,7491.514781259718,7491.514781259718,7491.514781259718,7491.514781259718,7491.514781259718,7491.514781259718,7491.514781259718,7491.514781259718
7491.514781259718,7491.514781259718,7491.514781259718,7491.514781259718,7491.514781259718,7491.514781259718,7491.514781259718,7491.514781259718,7491.514781259718,7491.514781259718
7491.514781259718,7491.514781259718,7491.514781259718,7491.514781259718,7491.514781259718,7491.514781259718,7491.514781259718,7491.514781259718,7491.514781259718,7491.514781259718
7491.514781259718,7491.514781259718,7491.514781259718,7491.514781259718,7491.514781259718,7491.514781259718,7491.514781259718,7491.514781259718,7491.514781259718,7491.514781259718
7491.514781259718,7491.514781259718,7491.514781259718,7491.514781259718,7491.514781259718,7491.514781259718,7491.514781259718,7491.514781259718,7491.514781259718,7491.514781259718
7491.514781259718,7491.514781259718,7491.514781259718,7491.514781259718,7491.514781259718,7491.514781259718,7491.514781259718,7491.514781259718,7491.514781259718,7491.514781259718
7491.514781259718,7491.514781259718,7491.514781259718,7491.514781259718,7491.514781259718,7491.514781259718,7491.514781259718,7491.514781259718,7491.514781259718,7491.514781259718
7491.514781259718,7491.514781259718,7491.514781259718,7491.514781259718,7491.514781259718,7491.514781259718,7491.514781259718,7491.514781259718,7491.514781259718,7491.514781259718
7491.514781259718,7491.514781259718,7491.514781259718,7491.514781259718,7491.514781259718,7491.514781259718,7491.514781259718,7491.514781259718,7491.514781259718,7491.514781259718
7491.514781259718,7491.514781259718,7491.514781259718,7491.514781259718,7491.514781259718,7491.514781259718,7491.514781259718,7491.514781259718,7491.514781259718,7491.514781259718
7491.514781259718,7491.514781259718,7491.514781259718,7491.514781259718,7491.514781259718,7491.514781259718,7491.514781259718,7491.514781259718,7491.514781259718,7491.514781259718
7491.514781259718,7491.514781259718,7491.514781259718,7491.514781259718,7491.514781259718,7491.514781259718,7491.514781259718,7491.514781259718,7491.514781259718,7491.514781259718
7491.514781259718,7491.514781259718,7491.514781259718,7491.514781259718,7491.514781259718,7491.514781259718,7491.514781259718,7491.514781259718,7491.514781259718,7491.514781259718
7491.514781259718,7491.514781259718,7491.514781259718,7491.514781259718,7491.514781259718,7491.514781259718,7491.514781259718,7491.514781259718,7491.514781259718,7491.514781259718
7491.514781259718,7491.514781259718,7491.514781259718,7491.514781259718,7491.514781259718,7491.514781259718,7491.514781259718,7491.514781259718,7491.514781259718,7491.514781259718
7455.390982537859,7455.390982537859,7455.390982537859,7455.390982537859,7455.390982537859,7455.390982537859,7455.390982537859,7455.390982537859,7455.390982537859,7455.390982537859
7455.390982537859,7455.390982537859,7455.390982537859,7455.390982537859,7455.390982537859,7455.390982537859,7455.390982537859,7455.390982537859,7455.390982537859,7455.390982537859
7455.390982537859,7455.390982537859,7455.390982537859,7455.390982537859,7455.390982537859,7455.390982537859,7455.390982537859,7455.390982537859,7455.390982537859,7455.390982537859
7455.390982537859,7455.390982537859,7455.390982537859,7455.390982537859,7455.390982537859,7455.390982537859,7455.390982537859,7455.390982537859,7455.390982537859,7455.390982537859
7455.390982537859,7455.390982537859,7455.390982537859,7455.390982537859,7455.390982537859,7455.390982537859,7455.390982537859,7455.390982537859,7455.390982537859,7455.390982537859
7455.390982537859,7455.390982537859,7455.390982537859,7455.390982537859,7455.390982537859,7455.390982537859,7455.390982537859,7455.390982537859,7455.390982537859,7455.390982537859
7455.390982537859,7455.390982537859,7455.390982537859,7455.390982537859,7455.390982537859,7455.390982537859,7455.390982537859,7455.390982537859,7455.390982537859,7455.390982537859
7455.390982537859,7455.390982537859,7455.390982537859,7455.390982537859,7455.390982537859,7455.390982537859,7455.390982537859,7455.390982537859,7455.390982537859,7455.390982537859
7455.390982537859,7455.390982537859,7455.390982537859,7455.390982537859,7455.390982537859,7455.390982537859,7455.390982537859,7455.390982537859,7455.390982537859,7455.390982537859
7455.390982537859,7455.390982537859,7455.390982537859,7455.390982537859,7455.390982537859,7455.390982537859,7455.390982537859,7455.390982537859,7455.390982537859,7455.390982537859
7455.390982537859,7455.390982537859,7455.390982537859,7455.390982537859,7455.390982537859,7455.390982537859,7455.390982537859,7455.390982537859,7455.390982537859,7455.390982537859
7455.390982537859,7455.390982537859,7455.390982537859,7455.390982537859,7455.390982537859,7455.390982537859,7455.390982537859,7455.390982537859,7455.390982537859,7455.390982537859
7455.390982537859,7455.390982537859,7455.390982537859,7455.390982537859,7455.390982537859,7455.390982537859,7455.390982537859,7455.390982537859,7455.390982537859,7455.390982537859
6936.632053420832,6936.632053420832,6936.632053420832,6936.632053420832,6936.632053420832,6936.632053420832,6936.632053420832,6936.632053420832,6936.632053420832,6936.632053420832
6936.632053420832,6936.632053420832,6936.632053420832,6936.632053420832,6936.632053420832,6936.632053420832,6936.632053420832,6936.632053420832,6936.632053420832,6936.632053420832
6936.632053420832,6936.632053420832,6936.632053420832,6936.632053420832,6936.632053420832,6936.632053420832,6936.632053420832,6936.632053420832,6936.632053420832,6936.632053420832
6936.632053420832,6936.632053420832,6936.632053420832,6936.632053420832,6936.632053420832,6936.632053420832,6936.632053420832,6936.632053420832,6936.632053420832,6936.632053420832
6936.632053420832,6936.632053420832,6936.632053420832,6936.632053420832,6936.632053420832,6936.632053420832,6936.632053420832,6936.632053420832,6936.632053420832,6936.632053420832
6936.632053420832,6936.632053420832,6936.632053420832,6936.632053420832,6936.632053420832,6936.632053420832,6936.632053420832,6936.632053420832,6936.632053420832,6936.632053420832
6936.632053420832,6936.632053420832,6936.632053420832,6936.632053420832,6936.632053420832,6936.632053420832,6936.632053420832,6936.632053420832,6936.632053420832,6936.632053420832
6936.632053420832,6936.632053420832,6936.632053420832,6936.632053420832,6936.632053420832,6936.632053420832,6936.632053420832,6936.632053420832,6936.632053420832,6936.632053420832
6936.632053420832,6936.632053420832,6936.632053420832,6936.632053420832,6936.632053420832,6936.632053420832,6936.632053420832,6936.632053420832,6936.632053420832,6936.632053420832
6936.632053420832,6936.632053420832,6936.632053420832,6936.632053420832,6936.632053420832,6936.632053420832,6936.632053420832,6936.632053420832,6936.632053420832,6936.632053420832
6936.632053420832,6936.632053420832,6936.632053420832,6936.632053420832,6936.632053420832,6936.632053420832,6936.632053420832,6936.632053420832,6936.632053420832,6936.632053420832
6936.632053420832,6936.632053420832,6936.632053420832,6936.632053420832,6936.632053420832,6936.632053420832,6936.632053420832,6936.632053420832,6936.632053420832,6936.632053420832
6936.632053420832,6936.632053420832,6936.632053420832,6936.632053420832,6936.632053420832,6936.632053420832,6936.632053420832,6936.632053420832,6936.632053420832,6936.632053420832
6936.632053420832,6936.632053420832,6936.632053420832,6936.632053420832,6936.632053420832,6936.632053420832,6936.632053420832,6936.632053420832,6936.632053420832,6936.632053420832
6936.632053420832,6936.632053420832,6936.632053420832,6936.632053420832,6936.632053420832,6936.632053420832,6936.632053420832,6936.632053420832,6936.632053420832,6936.632053420832
6936.632053420832,6936.632053420832,6936.632053420832,6936.632053420832,6936.632053420832,6936.632053420832,6936.632053420832,6936.632053420832,6936.632053420832,6936.632053420832
6936.632053420832,6936.632053420832,6936.632053420832,6936.632053420832,6936.632053420832,6936.632053420832,6936.632053420832,6936.632053420832,6936.632053420832,6936.632053420832
6936.632053420832,6936.632053420832,6936.632053420832,6936.632053420832,6936.632053420832,6936.632053420832,6936.632053420832,6936.632053420832,6936.632053420832,6936.632053420832
6936.632053420832,6936.632053420832,6936.632053420832,6936.632053420832,6936.632053420832,6936.632053420832,6936.632053420832,6936.632053420832,6936.632053420832,6936.632053420832
6936.632053420832,6936.632053420832,6936.632053420832,6936.632053420832,6936.632053420832,6936.632053420832,6936.632053420832,6936.632053420832,6936.632053420832,6936.632053420832
6936.632053420832,6936.632053420832,6936.632053420832,6936.632053420832,6936.632053420832,6936.632053420832,6936.632053420832,6936.632053420832,6936.632053420832,6936.632053420832
6936.632053420832,6936.632053420832,6936.632053420832,6936.632053420832,6936.632053420832,6936.632053420832,6936.632053420832,6936.632053420832,6936.632053420832,6936.632053420832
6936.632053420832,6936.632053420832,6936.632053420832,6936.632053420832,6936.632053420832,6936.632053420832,6936.632053420832,6936.632053420832,6936.632053420832,6936.632053420832
6936.632053420832,6936.632053420832,6936.632053420832,6936.632053420832,6936.632053420832,6936.632053420832,6936.632053420832,6936.632053420832,6936.632053420832,6936.632053420832
6936.632053420832,6936.632053420832,6936.632053420832,6936.632053420832,6936.632053420832,6936.632053420832,6936.632053420832,6936.632053420832,6936.632053420832,6936.632053420832
6936.632053420832,6936.632053420832,6936.632053420832,6936.632053420832,6936.632053420832,6936.632053420832,6936.632053420832,6936.632053420832,6936.632053420832,6936.632053420832
6936.632053420832,6936.632053420832,6936.632053420832,6936.632053420832,6936.632053420832,6936.632053420832,6936.632053420832,6936.632053420832,6936.632053420832,6936.632053420832
6936.632053420832,6936.632053420832,6936.632053420832,6936.632053420832,6936.632053420832,6936.632053420832,6936.632053420832,6936.632053420832,6936.632053420832,6936.632053420832
6936.632053420832,6936.632053420832,6936.632053420832,6936.632053420832,6936.632053420832,6936.632053420832,6936.632053420832,6936.632053420832,6936.632053420832,6936.632053420832
6936.632053420832,6936.632053420832,6936.632053420832,6936.632053420832,6936.632053420832,6936.632053420832,6936.632053420832,6936.632053420832,6936.632053420832,6936.632053420832
6936.632053420832,6936.632053420832,6936.632053420832,6936.632053420832,6936.632053420832,6936.632053420832,6936.632053420832,6936.632053420832,6936.632053420832,6936.632053420832
6936.632053420832,6936.632053420832,6936.632053420832,6936.632053420832,6936.632053420832,6936.632053420832,6936.632053420832,6936.632053420832,6936.632053420832,6936.632053420832
6936.632053420832,6936.632053420832,6936.632053420832,6936.632053420832,6936.632053420832,6936.632053420832,6936.632053420832,6936.632053420832,6936.632053420832,6936.632053420832
6936.632053420832,6936.632053420832,6936.632053420832,6936.632053420832,6936.632053420832,6936.632053420832,6936.632053420832,6936.632053420832,6936.632053420832,6936.632053420832
6936.632053420832,6936.632053420832,6936.632053420832,6936.632053420832,6936.632053420832,6936.632053420832,6936.632053420832,6936.632053420832,6936.632053420832,6936.632053420832
6936.632053420832,6936.632053420832,6936.632053420832,6936.632053420832,6936.632053420832,6936.632053420832,6936.632053420832,6936.632053420832,6936.632053420832,6936.632053420832
6936.632053420832,6936.632053420832,6936.632053420832,6936.632053420832,6936.632053420832,6936.632053420832,6936.632053420832,6936.632053420832,6936.632053420832,6936.632053420832
6936.632053420832,6936.632053420832,6936.632053420832,6936.632053420832,6936.632053420832,6936.632053420832,6936.632053420832,6936.632053420832,6936.632053420832,6936.632053420832
6936.632053420832,6936.632053420832,6936.632053420832,6936.632053420832,6936.632053420832,6936.632053420832,6936.632053420832,6936.632053420832,6936.632053420832,6936.632053420832
6936.632053420832,6936.632053420832,6936.632053420832,6936.632053420832,6936.632053420832,6936.632053420832,6936.632053420832,6936.632053420832,6936.632053420832,6936.632053420832
6936.632053420832,6936.632053420832,6936.632053420832,6936.632053420832,6936.632053420832,6936.632053420832,6936.632053420832,6936.632053420832,6936.632053420832,6936.632053420832
6936.632053420832,6936.632053420832,6936.632053420832,6936.632053420832,6936.632053420832,6936.632053420832,6936.632053420832,6936.632053420832,6936.632053420832,6936.632053420832
6873.2257103501215,6873.2257103501215,6873.2257103501215,6873.2257103501215,6873.2257103501215,6873.2257103501215,6873.2257103501215,6873.2257103501215,6873.2257103501215,6873.2257103501215
6873.2257103501215,6873.2257103501215,6873.2257103501215,6873.2257103501215,6873.2257103501215,6873.2257103501215,6873.2257103501215,6873.2257103501215,6873.2257103501215,6873.2257103501215
6873.2257103501215,6873.2257103501215,6873.2257103501215,6873.2257103501215,6873.2257103501215,6873.2257103501215,6873.2257103501215,6873.2257103501215,6873.2257103501215,6873.2257103501215
6873.2257103501215,6873.2257103501215,6873.2257103501215,6873.2257103501215,6873.2257103501215,6873.2257103501215,6873.2257103501215,6873.2257103501215,6873.2257103501215,6873.2257103501215
6873.2257103501215,6873.2257103501215,6873.2257103501215,6873.2257103501215,6873.2257103501215,6873.2257103501215,6873.2257103501215,6873.2257103501215,6873.2257103501215,6873.2257103501215
6873.2257103501215,6873.2257103501215,6873.2257103501215,6873.2257103501215,6873.2257103501215,6873.2257103501215,6873.2257103501215,6873.2257103501215,6873.2257103501215,6873.2257103501215
6873.2257103501215,6873.2257103501215,6873.2257103501215,6873.2257103501215,6873.2257103501215,6873.2257103501215,6873.2257103501215,6873.2257103501215,6873.2257103501215,6873.2257103501215
6873.2257103501215,6873.2257103501215,6873.2257103501215,6873.2257103501215,6873.2257103501215,6873.2257103501215,6873.2257103501215,6873.2257103501215,6873.2257103501215,6873.2257103501215
6873.2257103501215,6873.2257103501215,6873.2257103501215,6873.2257103501215,6873.2257103501215,6873.2257103501215,6873.2257103501215,6873.2257103501215,6873.2257103501215,6873.2257103501215
6873.2257103501215,6873.2257103501215,6873.2257103501215,6873.2257103501215,6873.2257103501215,6873.2257103501215,6873.2257103501215,6873.2257103501215,6873.2257103501215,6873.2257103501215
6873.2257103501215,6873.2257103501215,6873.2257103501215,6873.2257103501215,6873.2257103501215,6873.2257103501215,6873.2257103501215,6873.2257103501215,6873.2257103501215,6873.2257103501215
6873.2257103501215,6873.2257103501215,6873.2257103501215,6873.2257103501215,6873.2257103501215,6873.2257103501215,6873.2257103501215,6873.2257103501215,6873.2257103501215,6873.2257103501215
6873.2257103501215,6873.2257103501215,6873.2257103501215,6873.2257103501215,6873.2257103501215,6873.2257103501215,6873.2257103501215,6873.2257103501215,6873.2257103501215,6873.2257103501215
6873.2257103501215,6873.2257103501215,6873.2257103501215,6873.2257103501215,6873.2257103501215,6873.2257103501215,6873.2257103501215,6873.2257103501215,6873.2257103501215,6873.2257103501215
6873.2257103501215,6873.2257103501215,6873.2257103501215,6873.2257103501215,6873.2257103501215,6873.2257103501215,6873.2257103501215,6873.2257103501215,6873.2257103501215,6873.2257103501215
6873.2257103501215,6873.2257103501215,6873.2257103501215,6873.2257103501215,6873.2257103501215,6873.2257103501215,6873.2257103501215,6873.2257103501215,6873.2257103501215,6873.2257103501215
6873.2257103501215,6873.2257103501215,6873.2257103501215,6873.2257103501215,6873.2257103501215,6873.2257103501215,6873.2257103501215,6873.2257103501215,6873.2257103501215,6873.2257103501215
6873.2257103501215,6873.2257103501215,6873.2257103501215,6873.2257103501215,6873.2257103501215,6873.2257103501215,6873.2257103501215,6873.2257103501215,6873.2257103501215,6873.2257103501215
6873.2257103501215,6873.2257103501215,6873.2257103501215,6873.2257103501215,6873.2257103501215,6873.2257103501215,6873.2257103501215,6873.2257103501215,6873.2257103501215,6873.2257103501215
6678.394108343329,6678.394108343329,6678.394108343329,6678.394108343329,6678.394108343329,6678.394108343329,6678.394108343329,6678.394108343329,6678.394108343329,6678.394108343329
6678.394108343329,6678.394108343329,6678.394108343329,6678.394108343329,6678.394108343329,6678.394108343329,6678.394108343329,6678.394108343329,6678.394108343329,6678.394108343329
6678.394108343329,6678.394108343329,6678.394108343329,6678.394108343329,6678.394108343329,6678.394108343329,6678.394108343329,6678.394108343329,6678.394108343329,6678.394108343329
6678.394108343329,6678.394108343329,6678.394108343329,6678.394108343329,6678.394108343329,6678.394108343329,6678.394108343329,6678.394108343329,6678.394108343329,6678.394108343329
6678.394108343329,6678.394108343329,6678.394108343329,6678.394108343329,6678.394108343329,6678.394108343329,6678.394108343329,6678.394108343329,6678.394108343329,6678.394108343329
6678.394108343329,6678.394108343329,6678.394108343329,6678.394108343329,6678.394108343329,6678.394108343329,6678.394108343329,6678.394108343329,6678.394108343329,6678.394108343329
6678.394108343329,6678.394108343329,6678.394108343329,6678.394108343329,6678.394108343329,6678.394108343329,6678.394108343329,6678.394108343329,6678.394108343329,6678.394108343329
6678.394108343329,6678.394108343329,6678.394108343329,6678.394108343329,6678.394108343329,6678.394108343329,6678.394108343329,6678.394108343329,6678.394108343329,6678.394108343329
6678.394108343329,6678.394108343329,6678.394108343329,6678.394108343329,6678.394108343329,6678.394108343329,6678.394108343329,6678.394108343329,6678.394108343329,6678.394108343329
6678.394108343329,6678.394108343329,6678.394108343329,6678.394108343329,6678.394108343329,6678.394108343329,6678.394108343329,6678.394108343329,6678.394108343329,6678.394108343329
6678.394108343329,6678.394108343329,6678.394108343329,6678.394108343329,6678.394108343329,6678.394108343329,6678.394108343329,6678.394108343329,6678.394108343329,6678.394108343329
6678.394108343329,6678.394108343329,6678.394108343329,6678.394108343329,6678.394108343329,6678.394108343329,6678.394108343329,6678.394108343329,6678.394108343329,6678.394108343329
6678.394108343329,6678.394108343329,6678.394108343329,6678.394108343329,6678.394108343329,6678.394108343329,6678.394108343329,6678.394108343329,6678.394108343329,6678.394108343329
6678.394108343329,6678.394108343329,6678.394108343329,6678.394108343329,6678.394108343329,6678.394108343329,6678.394108343329,6678.394108343329,6678.394108343329,6678.394108343329
6678.394108343329,6678.394108343329,6678.394108343329,6678.394108343329,6678.394108343329,6678.394108343329,6678.394108343329,6678.394108343329,6678.394108343329,6678.394108343329
6678.394108343329,6678.394108343329,6678.394108343329,6678.394108343329,6678.394108343329,6678.394108343329,6678.394108343329,6678.394108343329,6678.394108343329,6678.394108343329
6678.394108343329,6678.394108343329,6678.394108343329,6678.394108343329,6678.394108343329,6678.394108343329,6678.394108343329,6678.394108343329,6678.394108343329,6678.394108343329
6678.394108343329,6678.394108343329,6678.394108343329,6678.394108343329,6678.394108343329,6678.394108343329,6678.394108343329,6678.394108343329,6678.394108343329,6678.394108343329
6678.394108343329,6678.394108343329,6678.394108343329,6678.394108343329,6678.394108343329,6678.394108343329,6678.394108343329,6678.394108343329,6678.394108343329,6678.394108343329
6678.394108343329,6678.394108343329,6678.394108343329,6678.394108343329,6678.394108343329,6678.394108343329,6678.394108343329,6678.394108343329,6678.394108343329,6678.394108343329
6678.394108343329,6678.394108343329,6678.394108343329,6678.394108343329,6678.394108343329,6678.394108343329,6678.394108343329,6678.394108343329,6678.394108343329,6678.394108343329
6678.394108343329,6678.394108343329,6678.394108343329,6678.394108343329,6678.394108343329,6678.394108343329,6678.394108343329,6678.394108343329,6678.394108343329,6678.394108343329
6678.394108343329,6678.394108343329,6678.394108343329,6678.394108343329,6678.394108343329,6678.394108343329,6678.394108343329,6678.394108343329,6678.394108343329,6678.394108343329
6678.394108343329,6678.394108343329,6678.394108343329,6678.394108343329,6678.394108343329,6678.394108343329,6678.394108343329,6678.394108343329,6678.394108343329,6678.394108343329
6678.394108343329,6678.394108343329,6678.394108343329,6678.394108343329,6678.394108343329,6678.394108343329,6678.394108343329,6678.394108343329,6678.394108343329,6678.394108343329
6678.394108343329,6678.394108343329,6678.394108343329,6678.394108343329,6678.394108343329,6678.394108343329,6678.394108343329,6678.394108343329,6678.394108343329,6678.394108343329
6678.394108343329,6678.394108343329,6678.394108343329,6678.394108343329,6678.394108343329,6678.394108343329,6678.394108343329,6678.394108343329,6678.394108343329,6678.394108343329
6678.394108343329,6678.394108343329,6678.394108343329,6678.394108343329,6678.394108343329,6678.394108343329,6678.394108343329,6678.394108343329,6678.394108343329,6678.394108343329
6678.394108343329,6678.394108343329,6678.394108343329,6678.394108343329,6678.394108343329,6678.394108343329,6678.394108343329,6678.394108343329,6678.394108343329,6678.394108343329
6678.394108343329,6678.394108343329,6678.394108343329,6678.394108343329,6678.394108343329,6678.394108343329,6678.394108343329,6678.394108343329,6678.394108343329,6678.394108343329
6678.394108343329,6678.394108343329,6678.394108343329,6678.394108343329,6678.394108343329,6678.394108343329,6678.394108343329,6678.394108343329,6678.394108343329,6678.394108343329
6678.394108343329,6678.394108343329,6678.394108343329,6678.394108343329,6678.394108343329,6678.394108343329,6678.394108343329,6678.394108343329,6678.394108343329,6678.394108343329
6172.217742920713,6172.217742920713,6172.217742920713,6172.217742920713,6172.217742920713,6172.217742920713,6172.217742920713,6172.217742920713,6172.217742920713,6172.217742920713
6172.217742920713,6172.217742920713,6172.217742920713,6172.217742920713,6172.217742920713,6172.217742920713,6172.217742920713,6172.217742920713,6172.217742920713,6172.217742920713
6153.863051870215,6153.863051870215,6153.863051870215,6153.863051870215,6153.863051870215,6153.863051870215,6153.863051870215,6153.863051870215,6153.863051870215,6153.863051870215
6153.863051870215,6153.863051870215,6153.863051870215,6153.863051870215,6153.863051870215,6153.863051870215,6153.863051870215,6153.863051870215,6153.863051870215,6153.863051870215
6153.863051870215,6153.863051870215,6153.863051870215,6153.863051870215,6153.863051870215,6153.863051870215,6153.863051870215,6153.863051870215,6153.863051870215,6153.863051870215
6153.863051870215,6153.863051870215,6153.863051870215,6153.863051870215,6153.863051870215,6153.863051870215,6153.863051870215,6153.863051870215,6153.863051870215,6153.863051870215
6153.863051870215,6153.863051870215,6153.863051870215,6153.863051870215,6153.863051870215,6153.863051870215,6153.863051870215,6153.863051870215,6153.863051870215,6153.863051870215
6153.863051870215,6153.863051870215,6153.863051870215,6153.863051870215,6153.863051870215,6153.863051870215,6153.863051870215,6153.863051870215,6153.863051870215,6153.863051870215
6153.863051870215,6153.863051870215,6153.863051870215,6153.863051870215,6153.863051870215,6153.863051870215,6153.863051870215,6153.863051870215,6153.863051870215,6153.863051870215
6153.863051870215,6153.863051870215,6153.863051870215,6153.863051870215,6153.863051870215,6153.863051870215,6153.863051870215,6153.863051870215,6153.863051870215,6153.863051870215
6153.863051870215,6153.863051870215,6153.863051870215,6153.863051870215,6153.863051870215,6153.863051870215,6153.863051870215,6153.863051870215,6153.863051870215,6153.863051870215
6153.863051870215,6153.863051870215,6153.863051870215,6153.863051870215,6153.863051870215,6153.863051870215,6153.863051870215,6153.863051870215,6153.863051870215,6153.863051870215
6153.863051870215,6153.863051870215,6153.863051870215,6153.863051870215,6153.863051870215,6153.863051870215,6153.863051870215,6153.863051870215,6153.863051870215,6153.863051870215
6153.863051870215,6153.863051870215,6153.863051870215,6153.863051870215,6153.863051870215,6153.863051870215,6153.863051870215,6153.863051870215,6153.863051870215,6153.863051870215
6153.863051870215,6153.863051870215,6153.863051870215,6153.863051870215,6153.863051870215,6153.863051870215,6153.863051870215,6153.863051870215,6153.863051870215,6153.863051870215
6153.863051870215,6153.863051870215,6153.863051870215,6153.863051870215,6153.863051870215,6153.863051870215,6153.863051870215,6153.863051870215,6153.863051870215,6153.863051870215
6153.863051870215,6153.863051870215,6153.863051870215,6153.863051870215,6153.863051870215,6153.863051870215,6153.863051870215,6153.863051870215,6153.863051870215,6153.863051870215
6153.863051870215,6153.863051870215,6153.863051870215,6153.863051870215,6153.863051870215,6153.863051870215,6153.863051870215,6153.863051870215,6153.863051870215,6153.863051870215
6153.863051870215,6153.863051870215,6153.863051870215,6153.863051870215,6153.863051870215,6153.863051870215,6153.863051870215,6153.863051870215,6153.863051870215,6153.863051870215
6153.863051870215,6153.863051870215,6153.863051870215,6153.863051870215,6153.863051870215,6153.863051870215,6153.863051870215,6153.863051870215,6153.863051870215,6153.863051870215
6153.863051870215,6153.863051870215,6153.863051870215,6153.863051870215,6153.863051870215,6153.863051870215,6153.863051870215,6153.863051870215,6153.863051870215,6153.863051870215
5925.944626006555,5925.944626006555,5925.944626006555,5925.944626006555,5925.944626006555,5925.944626006555,5925.944626006555,5925.944626006555,5925.944626006555,5925.944626006555
5925.944626006555,5925.944626006555,5925.944626006555,5925.944626006555,5925.944626006555,5925.944626006555,5925.944626006555,5925.944626006555,5925.944626006555,5925.944626006555
5925.944626006555,5925.944626006555,5925.944626006555,5925.944626006555,5925.944626006555,5925.944626006555,5925.944626006555,5925.944626006555,5925.944626006555,5925.944626006555
5925.944626006555,5925.944626006555,5925.944626006555,5925.944626006555,5925.944626006555,5925.944626006555,5925.944626006555,5925.944626006555,5925.944626006555,5925.944626006555
5925.944626006555,5925.944626006555,5925.944626006555,5925.944626006555,5925.944626006555,5925.944626006555,5925.944626006555,5925.944626006555,5925.944626006555,5925.944626006555
5925.944626006555,5925.944626006555,5925.944626006555,5925.944626006555,5925.944626006555,5925.944626006555,5925.944626006555,5925.944626006555,5925.944626006555,5925.944626006555
5925.944626006555,5925.944626006555,5925.944626006555,5925.944626006555,5925.944626006555,5925.944626006555,5925.944626006555,5925.944626006555,5925.944626006555,5925.944626006555
5925.944626006555,5925.944626006555,5925.944626006555,5925.944626006555,5925.944626006555,5925.944626006555,5925.944626006555,5925.944626006555,5925.944626006555,5925.944626006555
5925.944626006555,5925.944626006555,5925.944626006555,5925.944626006555,5925.944626006555,5925.944626006555,5925.944626006555,5925.944626006555,5925.944626006555,5925.944626006555
5925.944626006555,5925.944626006555,5925.944626006555,5925.944626006555,5925.944626006555,5925.944626006555,5925.944626006555,5925.944626006555,5925.944626006555,5925.944626006555
5925.944626006555,5925.944626006555,5925.944626006555,5925.944626006555,5925.944626006555,5925.944626006555,5925.944626006555,5925.944626006555,5925.944626006555,5925.944626006555
5925.944626006555,5925.944626006555,5925.944626006555,5925.944626006555,5925.944626006555,5925.944626006555,5925.944626006555,5925.944626006555,5925.944626006555,5925.944626006555
5925.944626006555,5925.944626006555,5925.944626006555,5925.944626006555,5925.944626006555,5925.944626006555,5925.944626006555,5925.944626006555,5925.944626006555,5925.944626006555
5925.944626006555,5925.944626006555,5925.944626006555,5925.944626006555,5925.944626006555,5925.944626006555,5925.944626006555,5925.944626006555,5925.944626006555,5925.944626006555
5925.944626006555,5925.944626006555,5925.944626006555,5925.944626006555,5925.944626006555,5925.944626006555,5925.944626006555,5925.944626006555,5925.944626006555,5925.944626006555
5925.944626006555,5925.944626006555,5925.944626006555,5925.944626006555,5925.944626006555,5925.944626006555,5925.944626006555,5925.944626006555,5925.944626006555,5925.944626006555
5925.944626006555,5925.944626006555,5925.944626006555,5925.944626006555,5925.944626006555,5925.944626006555,5925.944626006555,5925.944626006555,5925.944626006555,5925.944626006555
5925.944626006555,5925.944626006555,5925.944626006555,5925.944626006555,5925.944626006555,5925.944626006555,5925.944626006555,5925.944626006555,5925.944626006555,5925.944626006555
5925.944626006555,5925.944626006555,5925.944626006555,5925.944626006555,5925.944626006555,5925.944626006555,5925.944626006555,5925.944626006555,5925.944626006555,5925.944626006555
5925.944626006555,5925.944626006555,5925.944626006555,5925.944626006555,5925.944626006555,5925.944626006555,5925.944626006555,5925.944626006555,5925.944626006555,5925.944626006555
5925.944626006555,5925.944626006555,5925.944626006555,5925.944626006555,5925.944626006555,5925.944626006555,5925.944626006555,5925.944626006555,5925.944626006555,5925.944626006555
5925.944626006555,5925.944626006555,5925.944626006555,5925.944626006555,5925.944626006555,5925.944626006555,5925.944626006555,5925.944626006555,5925.944626006555,5925.944626006555
5925.944626006555,5925.944626006555,5925.944626006555,5925.944626006555,5925.944626006555,5925.944626006555,5925.944626006555,5925.944626006555,5925.944626006555,5925.944626006555
5925.944626006555,5925.944626006555,5925.944626006555,5925.944626006555,5925.944626006555,5925.944626006555,5925.944626006555,5925.944626006555,5925.944626006555,5925.944626006555
5925.944626006555,5925.944626006555,5925.944626006555,5925.944626006555,5925.944626006555,5925.944626006555,5925.944626006555,5925.944626006555,5925.944626006555,5925.944626006555
5925.944626006555,5925.944626006555,5925.944626006555,5925.944626006555,5925.944626006555,5925.944626006555,5925.944626006555,5925.944626006555,5925.944626006555,5925.944626006555
5925.944626006555,5925.944626006555,5925.944626006555,5925.944626006555,5925.944626006555,5925.944626006555,5925.944626006555,5925.944626006555,5925.944626006555,5925.944626006555
5925.944626006555,5925.944626006555,5925.944626006555,5925.944626006555,5925.944626006555,5925.944626006555,5925.944626006555,5925.944626006555,5925.944626006555,5925.944626006555
5925.944626006555,5925.944626006555,5925.944626006555,5925.944626006555,5925.944626006555,5925.944626006555,5925.944626006555,5925.944626006555,5925.944626006555,5925.944626006555
5925.944626006555,5925.944626006555,5925.944626006555,5925.944626006555,5925.944626006555,5925.944626006555,5925.944626006555,5925.944626006555,5925.944626006555,5925.944626006555
5925.944626006555,5925.944626006555,5925.944626006555,5925.944626006555,5925.944626006555,5925.944626006555,5925.944626006555,5925.944626006555,5925.944626006555,5925.944626006555
5925.944626006555,5925.944626006555,5925.944626006555,5925.944626006555,5925.944626006555,5925.944626006555,5925.944626006555,5925.944626006555,5925.944626006555,5925.944626006555
5925.944626006555,5925.944626006555,5925.944626006555,5925.944626006555,5925.944626006555,5925.944626006555,5925.944626006555,5925.944626006555,5925.944626006555,5925.944626006555
5925.944626006555,5925.944626006555,5925.944626006555,5925.944626006555,5925.944626006555,5925.944626006555,5925.944626006555,5925.944626006555,5925.944626006555,5925.944626006555
5925.944626006555,5925.944626006555,5925.944626006555,5925.944626006555,5925.944626006555,5925.944626006555,5925.944626006555,5925.944626006555,5925.944626006555,5925.944626006555
5925.944626006555,5925.944626006555,5925.944626006555,5925.944626006555,5925.944626006555,5925.944626006555,5925.944626006555,5925.944626006555,5925.944626006555,5925.944626006555
5925.944626006555,5925.944626006555,5925.944626006555,5925.944626006555,5925.944626006555,5925.944626006555,5925.944626006555,5925.944626006555,5925.944626006555,5925.944626006555
5925.944626006555,5925.944626006555,5925.944626006555,5925.944626006555,5925.944626006555,5925.944626006555,5925.944626006555,5925.944626006555,5925.944626006555,5925.944626006555
5925.944626006555,5925.944626006555,5925.944626006555,5925.944626006555,5925.944626006555,5925.944626006555,5925.944626006555,5925.944626006555,5925.944626006555,5925.944626006555
5925.944626006555,5925.944626006555,5925.944626006555,5925.944626006555,5925.944626006555,5925.944626006555,5925.944626006555,5925.944626006555,5925.944626006555,5925.944626006555
5925.944626006555,5925.944626006555,5925.944626006555,5925.944626006555,5925.944626006555,5925.944626006555,5925.944626006555,5925.944626006555,5925.944626006555,5925.944626006555
5925.944626006555,5925.944626006555,5925.944626006555,5925.944626006555,5925.944626006555,5925.944626006555,5925.944626006555,5925.944626006555,5925.944626006555,5925.944626006555
5925.944626006555,5925.944626006555,5925.944626006555,5925.944626006555,5925.944626006555,5925.944626006555,5925.944626006555,5925.944626006555,5925.944626006555,5925.944626006555
5925.944626006555,5925.944626006555,5925.944626006555,5925.944626006555,5925.944626006555,5925.944626006555,5925.944626006555,5925.944626006555,5925.944626006555,5925.944626006555
5542.681946732783,5542.681946732783,5542.681946732783,5542.681946732783,5542.681946732783,5542.681946732783,5542.681946732783,5542.681946732783,5542.681946732783,5542.681946732783
5542.681946732783,5542.681946732783,5542.681946732783,5542.681946732783,5542.681946732783,5542.681946732783,5542.681946732783,5542.681946732783,5542.681946732783,5542.681946732783
5542.681946732783,5542.681946732783,5542.681946732783,5542.681946732783,5542.681946732783,5542.681946732783,5542.681946732783,5542.681946732783,5542.681946732783,5542.681946732783
5542.681946732783,5542.681946732783,5542.681946732783,5542.681946732783,5542.681946732783,5542.681946732783,5542.681946732783,5542.681946732783,5542.681946732783,5542.681946732783
5542.681946732783,5542.681946732783,5542.681946732783,5542.681946732783,5542.681946732783,5542.681946732783,5542.681946732783,5542.681946732783,5542.681946732783,5542.681946732783
5542.681946732783,5542.681946732783,5542.681946732783,5542.681946732783,5542.681946732783,5542.681946732783,5542.681946732783,5542.681946732783,5542.681946732783,5542.681946732783
5542.681946732783,5542.681946732783,5542.681946732783,5542.681946732783,5542.681946732783,5542.681946732783,5542.681946732783,5542.681946732783,5542.681946732783,5542.681946732783
5542.681946732783,5542.681946732783,5542.681946732783,5542.681946732783,5542.681946732783,5542.681946732783,5542.681946732783,5542.681946732783,5542.681946732783,5542.681946732783
5542.681946732783,5542.681946732783,5542.681946732783,5542.681946732783,5542.681946732783,5542.681946732783,5542.681946732783,5542.681946732783,5542.681946732783,5542.681946732783
5542.681946732783,5542.681946732783,5542.681946732783,5542.681946732783,5542.681946732783,5542.681946732783,5542.681946732783,5542.681946732783,5542.681946732783,5542.681946732783
5542.681946732783,5542.681946732783,5542.681946732783,5542.681946732783,5542.681946732783,5542.681946732783,5542.681946732783,5542.681946732783,5542.681946732783,5542.681946732783
5542.681946732783,5542.681946732783,5542.681946732783,5542.681946732783,5542.681946732783,5542.681946732783,5542.681946732783,5542.681946732783,5542.681946732783,5542.681946732783
5542.681946732783,5542.681946732783,5542.681946732783,5542.681946732783,5542.681946732783,5542.681946732783,5542.681946732783,5542.681946732783,5542.681946732783,5542.681946732783
5542.681946732783,5542.681946732783,5542.681946732783,5542.681946732783,5542.681946732783,5542.681946732783,5542.681946732783,5542.681946732783,5542.681946732783,5542.681946732783
5542.681946732783,5542.681946732783,5542.681946732783,5542.681946732783,5542.681946732783,5542.681946732783,5542.681946732783,5542.681946732783,5542.681946732783,5542.681946732783
5542.681946732783,5542.681946732783,5542.681946732783,5542.681946732783,5542.681946732783,5542.681946732783,5542.681946732783,5542.681946732783,5542.681946732783,5542.681946732783
5542.681946732783,5542.681946732783,5542.681946732783,5542.681946732783,5542.681946732783,5542.681946732783,5542.681946732783,5542.681946732783,5542.681946732783,5542.681946732783
5542.681946732783,5542.681946732783,5542.681946732783,5542.681946732783,5542.681946732783,5542.681946732783,5542.681946732783,5542.681946732783,5542.681946732783,5542.681946732783
5542.681946732783,5542.681946732783,5542.681946732783,5542.681946732783,5542.681946732783,5542.681946732783,5542.681946732783,5542.681946732783,5542.681946732783,5542.681946732783
5542.681946732783,5542.681946732783,5542.681946732783,5542.681946732783,5542.681946732783,5542.681946732783,5542.681946732783,5542.681946732783,5542.681946732783,5542.681946732783
5542.681946732783,5542.681946732783,5542.681946732783,5542.681946732783,5542.681946732783,5542.681946732783,5542.681946732783,5542.681946732783,5542.681946732783,5542.681946732783
5542.681946732783,5542.681946732783,5542.681946732783,5542.681946732783,5542.681946732783,5542.681946732783,5542.681946732783,5542.681946732783,5542.681946732783,5542.681946732783
5542.681946732783,5542.681946732783,5542.681946732783,5542.681946732783,5542.681946732783,5542.681946732783,5542.681946732783,5542.681946732783,5542.681946732783,5542.681946732783
5542.681946732783,5542.681946732783,5542.681946732783,5542.681946732783,5542.681946732783,5542.681946732783,5542.681946732783,5542.681946732783,5542.681946732783,5542.681946732783
5542.681946732783,5542.681946732783,5542.681946732783,5542.681946732783,5542.681946732783,5542.681946732783,5542.681946732783,5542.681946732783,5542.681946732783,5542.681946732783
5542.681946732783,5542.681946732783,5542.681946732783,5542.681946732783,5542.681946732783,5542.681946732783,5542.681946732783,5542.681946732783,5542.681946732783,5542.681946732783
5542.681946732783,5542.681946732783,5542.681946732783,5542.681946732783,5542.681946732783,5542.681946732783,5542.681946732783,5542.681946732783,5542.681946732783,5542.681946732783
5542.681946732783,5542.681946732783,5542.681946732783,5542.681946732783,5542.681946732783,5542.681946732783,5542.681946732783,5542.681946732783,5542.681946732783,5542.681946732783
5542.681946732783,5542.681946732783,5542.681946732783,5542.681946732783,5542.681946732783,5542.681946732783,5542.681946732783,5542.681946732783,5542.681946732783,5542.681946732783
5542.681946732783,5542.681946732783,5542.681946732783,5542.681946732783,5542.681946732783,5542.681946732783,5542.681946732783,5542.681946732783,5542.681946732783,5542.681946732783
5542.681946732783,5542.681946732783,5542.681946732783,5542.681946732783,5542.681946732783,5542.681946732783,5542.681946732783,5542.681946732783,5542.681946732783,5542.681946732783
5542.681946732783,5542.681946732783,5542.681946732783,5542.681946732783,5542.681946732783,5542.681946732783,5542.681946732783,5542.681946732783,5542.681946732783,5542.681946732783
5542.681946732783,5542.681946732783,5542.681946732783,5542.681946732783,5542.681946732783,5542.681946732783,5542.681946732783,5542.681946732783,5542.681946732783,5542.681946732783
5542.681946732783,5542.681946732783,5542.681946732783,5542.681946732783,5542.681946732783,5542.681946732783,5542.681946732783,5542.681946732783,5542.681946732783,5542.681946732783
5542.681946732783,5542.681946732783,5542.681946732783,5542.681946732783,5542.681946732783,5542.681946732783,5542.681946732783,5542.681946732783,5542.681946732783,5542.681946732783
5542.681946732783,5542.681946732783,5542.681946732783,5542.681946732783,5542.681946732783,5542.681946732783,5542.681946732783,5542.681946732783,5542.681946732783,5542.681946732783
5542.681946732783,5542.681946732783,5542.681946732783,5542.681946732783,5542.681946732783,5542.681946732783,5542.681946732783,5542.681946732783,5542.681946732783,5542.681946732783
5542.681946732783,5542.681946732783,5542.681946732783,5542.681946732783,5542.681946732783,5542.681946732783,5542.681946732783,5542.681946732783,5542.681946732783,5542.681946732783
5542.681946732783,5542.681946732783,5542.681946732783,5542.681946732783,5542.681946732783,5542.681946732783,5542.681946732783,5542.681946732783,5542.681946732783,5542.681946732783
5542.681946732783,5542.681946732783,5542.681946732783,5542.681946732783,5542.681946732783,5542.681946732783,5542.681946732783,5542.681946732783,5542.681946732783,5542.681946732783
5542.681946732783,5542.681946732783,5542.681946732783,5542.681946732783,5542.681946732783,5542.681946732783,5542.681946732783,5542.681946732783,5542.681946732783,5542.681946732783
5542.681946732783,5542.681946732783,5542.681946732783,5542.681946732783,5542.681946732783,5542.681946732783,5542.681946732783,5542.681946732783,5542.681946732783,5542.681946732783
5542.681946732783,5542.681946732783,5542.681946732783,5542.681946732783,5542.681946732783,5542.681946732783,5542.681946732783,5542.681946732783,5542.681946732783,5542.681946732783
5542.681946732783,5542.681946732783,5542.681946732783,5542.681946732783,5542.681946732783,5542.681946732783,5542.681946732783,5542.681946732783,5542.681946732783,5542.681946732783
5542.681946732783,5542.681946732783,5542.681946732783,5542.681946732783,5542.681946732783,5542.681946732783,5542.681946732783,5542.681946732783,5542.681946732783,5542.681946732783
5542.681946732783,5542.681946732783,5542.681946732783,5542.681946732783,5542.681946732783,5542.681946732783,5542.681946732783,5542.681946732783,5542.681946732783,5542.681946732783
5542.681946732783,5542.681946732783,5542.681946732783,5542.681946732783,5542.681946732783,5542.681946732783,5542.681946732783,5542.681946732783,5542.681946732783,5542.681946732783
5542.681946732783,5542.681946732783,5542.681946732783,5542.681946732783,5542.681946732783,5542.681946732783,5542.681946732783,5542.681946732783,5542.681946732783,5542.681946732783
5542.681946732783,5542.681946732783,5542.681946732783,5542.681946732783,5542.681946732783,5542.681946732783,5542.681946732783,5542.681946732783,5542.681946732783,5542.681946732783
5542.681946732783,5542.681946732783,5542.681946732783,5542.681946732783,5542.681946732783,5542.681946732783,5542.681946732783,5542.681946732783,5542.681946732783,5542.681946732783
5542.681946732783,5542.681946732783,5542.681946732783,5542.681946732783,5542.681946732783,5542.681946732783,5542.681946732783,5542.681946732783,5542.681946732783,5542.681946732783
5542.681946732783,5542.681946732783,5542.681946732783,5542.681946732783,5542.681946732783,5542.681946732783,5542.681946732783,5542.681946732783,5542.681946732783,5542.681946732783
5542.681946732783,5542.681946732783,5542.681946732783,5542.681946732783,5542.681946732783,5542.681946732783,5542.681946732783,5542.681946732783,5542.681946732783,5542.681946732783
5542.681946732783,5542.681946732783,5542.681946732783,5542.681946732783,5542.681946732783,5542.681946732783,5542.681946732783,5542.681946732783,5542.681946732783,5542.681946732783
5542.681946732783,5542.681946732783,5542.681946732783,5542.681946732783,5542.681946732783,5542.681946732783,5542.681946732783,5542.681946732783,5542.681946732783,5542.681946732783
5542.681946732783,5542.681946732783,5542.681946732783,5542.681946732783,5542.681946732783,5542.681946732783,5542.681946732783,5542.681946732783,5542.681946732783,5542.681946732783
5542.681946732783,5542.681946732783,5542.681946732783,5542.681946732783,5542.681946732783,5542.681946732783,5542.681946732783,5542.681946732783,5542.681946732783,5542.681946732783
5542.681946732783,5542.681946732783,5542.681946732783,5542.681946732783,5542.681946732783,5542.681946732783,5542.681946732783,5542.681946732783,5542.681946732783,5542.681946732783
5542.681946732783,5542.681946732783,5542.681946732783,5542.681946732783,5542.681946732783,5542.681946732783,5542.681946732783,5542.681946732783,5542.681946732783,5542.681946732783
5542.681946732783,5542.681946732783,5542.681946732783,5542.681946732783,5542.681946732783,5542.681946732783,5542.681946732783,5542.681946732783,5542.681946732783,5542.681946732783
5542.681946732783,5542.681946732783,5542.681946732783,5542.681946732783,5542.681946732783,5542.681946732783,5542.681946732783,5542.681946732783,5542.681946732783,5542.681946732783
5542.681946732783,5542.681946732783,5542.681946732783,5542.681946732783,5542.681946732783,5542.681946732783,5542.681946732783,5542.681946732783,5542.681946732783,5542.681946732783
5542.681946732783,5542.681946732783,5542.681946732783,5542.681946732783,5542.681946732783,5542.681946732783,5542.681946732783,5542.681946732783,5542.681946732783,5542.681946732783
5542.681946732783,5542.681946732783,5542.681946732783,5542.681946732783,5542.681946732783,5542.681946732783,5542.681946732783,5542.681946732783,5542.681946732783,5542.681946732783
5542.681946732783,5542.681946732783,5542.681946732783,5542.681946732783,5542.681946732783,5542.681946732783,5542.681946732783,5542.681946732783,5542.681946732783,5542.681946732783
5542.681946732783,5542.681946732783,5542.681946732783,5542.681946732783,5542.681946732783,5542.681946732783,5542.681946732783,5542.681946732783,5542.681946732783,5542.681946732783
5542.681946732783,5542.681946732783,5542.681946732783,5542.681946732783,5542.681946732783,5542.681946732783,5542.681946732783,5542.681946732783,5542.681946732783,5542.681946732783
5542.681946732783,5542.681946732783,5542.681946732783,5542.681946732783,5542.681946732783,5542.681946732783,5542.681946732783,5542.681946732783,5542.681946732783,5542.681946732783
5542.681946732783,5542.681946732783,5542.681946732783,5542.681946732783,5542.681946732783,5542.681946732783,5542.681946732783,5542.681946732783,5542.681946732783,5542.681946732783
5542.681946732783,5542.681946732783,5542.681946732783,5542.681946732783,5542.681946732783,5542.681946732783,5542.681946732783,5542.681946732783,5542.681946732783,5542.681946732783
5542.681946732783,5542.681946732783,5542.681946732783,5542.681946732783,5542.681946732783,5542.681946732783,5542.681946732783,5542.681946732783,5542.681946732783,5542.681946732783
5542.681946732783,5542.681946732783,5542.681946732783,5542.681946732783,5542.681946732783,5542.681946732783,5542.681946732783,5542.681946732783,5542.681946732783,5542.681946732783
5542.681946732783,5542.681946732783,5542.681946732783,5542.681946732783,5542.681946732783,5542.681946732783,5542.681946732783,5542.681946732783,5542.681946732783,5542.681946732783
5542.681946732783,5542.681946732783,5542.681946732783,5542.681946732783,5542.681946732783,5542.681946732783,5542.681946732783,5542.681946732783,5542.681946732783,5542.681946732783
5542.681946732783,5542.681946732783,5542.681946732783,5542.681946732783,5542.681946732783,5542.681946732783,5542.681946732783,5542.681946732783,5542.681946732783,5542.681946732783
5542.681946732783,5542.681946732783,5542.681946732783,5542.681946732783,5542.681946732783,5542.681946732783,5542.681946732783,5542.681946732783,5542.681946732783,5542.681946732783
5542.681946732783,5542.681946732783,5542.681946732783,5542.681946732783,5542.681946732783,5542.681946732783,5542.681946732783,5542.681946732783,5542.681946732783,5542.681946732783
5542.681946732783,5542.681946732783,5542.681946732783,5542.681946732783,5542.681946732783,5542.681946732783,5542.681946732783,5542.681946732783,5542.681946732783,5542.681946732783
5542.681946732783,5542.681946732783,5542.681946732783,5542.681946732783,5542.681946732783,5542.681946732783,5542.681946732783,5542.681946732783,5542.681946732783,5542.681946732783
5542.681946732783,5542.681946732783,5542.681946732783,5542.681946732783,5542.681946732783,5542.681946732783,5542.681946732783,5542.681946732783,5542.681946732783,5542.681946732783
5542.681946732783,5542.681946732783,5542.681946732783,5542.681946732783,5542.681946732783,5542.681946732783,5542.681946732783,5542.681946732783,5542.681946732783,5542.681946732783
5542.681946732783,5542.681946732783,5542.681946732783,5542.681946732783,5542.681946732783,5542.681946732783,5542.681946732783,5542.681946732783,5542.681946732783,5542.681946732783
5542.681946732783,5542.681946732783,5542.681946732783,5542.681946732783,5542.681946732783,5542.681946732783,5542.681946732783,5542.681946732783,5542.681946732783,5542.681946732783
5542.681946732783,5542.681946732783,5542.681946732783,5542.681946732783,5542.681946732783,5542.681946732783,5542.681946732783,5542.681946732783,5542.681946732783,5542.681946732783
5542.681946732783,5542.681946732783,5542.681946732783,5542.681946732783,5542.681946732783,5542.681946732783,5542.681946732783,5542.681946732783,5542.681946732783,5542.681946732783
5542.681946732783,5542.681946732783,5542.681946732783,5542.681946732783,5542.681946732783,5542.681946732783,5542.681946732783,5542.681946732783,5542.681946732783,5542.681946732783
5542.681946732783,5542.681946732783,5542.681946732783,5542.681946732783,5542.681946732783,5542.681946732783,5542.681946732783,5542.681946732783,5542.681946732783,5542.681946732783
5542.681946732783,5542.681946732783,5542.681946732783,5542.681946732783,5542.681946732783,5542.681946732783,5542.681946732783,5542.681946732783,5542.681946732783,5542.681946732783
5542.681946732783,5542.681946732783,5542.681946732783,5542.681946732783,5542.681946732783,5542.681946732783,5542.681946732783,5542.681946732783,5542.681946732783,5542.681946732783
5542.681946732783,5542.681946732783,5542.681946732783,5542.681946732783,5542.681946732783,5542.681946732783,5542.681946732783,5542.681946732783,5542.681946732783,5542.681946732783
5542.681946732783,5542.681946732783,5542.681946732783,5542.681946732783,5542.681946732783,5542.681946732783,5542.681946732783,5542.681946732783,5542.681946732783,5542.681946732783
5542.681946732783,5542.681946732783,5542.681946732783,5542.681946732783,5542.681946732783,5542.681946732783,5542.681946732783,5542.681946732783,5542.681946732783,5542.681946732783
5542.681946732783,5542.681946732783,5542.681946732783,5542.681946732783,5542.681946732783,5542.681946732783,5542.681946732783,5542.681946732783,5542.681946732783,5542.681946732783
5542.681946732783,5542.681946732783,5542.681946732783,5542.681946732783,5542.681946732783,5542.681946732783,5542.681946732783,5542.681946732783,5542.681946732783,5542.681946732783
5542.681946732783,5542.681946732783,5542.681946732783,5542.681946732783,5542.681946732783,5542.681946732783,5542.681946732783,5542.681946732783,5542.681946732783,5542.681946732783
5542.681946732783,5542.681946732783,5542.681946732783,5542.681946732783,5542.681946732783,5542.681946732783,5542.681946732783,5542.681946732783,5542.681946732783,5542.681946732783
5542.681946732783,5542.681946732783,5542.681946732783,5542.681946732783,5542.681946732783,5542.681946732783,5542.681946732783,5542.681946732783,5542.681946732783,5542.681946732783
5542.681946732783,5542.681946732783,5542.681946732783,5542.681946732783,5542.681946732783,5542.681946732783,5542.681946732783,5542.681946732783,5542.681946732783,5542.681946732783
5542.681946732783,5542.681946732783,5542.681946732783,5542.681946732783,5542.681946732783,5542.681946732783,5542.681946732783,5542.681946732783,5542.681946732783,5542.681946732783
5461.763917864933,5461.763917864933,5461.763917864933,5461.763917864933,5461.763917864933,5461.763917864933,5461.763917864933,5461.763917864933,5461.763917864933,5461.763917864933
5461.763917864933,5461.763917864933,5461.763917864933,5461.763917864933,5461.763917864933,5461.763917864933,5461.763917864933,5461.763917864933,5461.763917864933,5461.763917864933
5461.763917864933,5461.763917864933,5461.763917864933,5461.763917864933,5461.763917864933,5461.763917864933,5461.763917864933,5461.763917864933,5461.763917864933,5461.763917864933
5461.763917864933,5461.763917864933,5461.763917864933,5461.763917864933,5461.763917864933,5461.763917864933,5461.763917864933,5461.763917864933,5461.763917864933,5461.763917864933
5461.763917864933,5461.763917864933,5461.763917864933,5461.763917864933,5461.763917864933,5461.763917864933,5461.763917864933,5461.763917864933,5461.763917864933,5461.763917864933
5461.763917864933,5461.763917864933,5461.763917864933,5461.763917864933,5461.763917864933,5461.763917864933,5461.763917864933,5461.763917864933,5461.763917864933,5461.763917864933
5461.763917864933,5461.763917864933,5461.763917864933,5461.763917864933,5461.763917864933,5461.763917864933,5461.763917864933,5461.763917864933,5461.763917864933,5461.763917864933
5461.763917864933,5461.763917864933,5461.763917864933,5461.763917864933,5461.763917864933,5461.763917864933,5461.763917864933,5461.763917864933,5461.763917864933,5461.763917864933
5461.763917864933,5461.763917864933,5461.763917864933,5461.763917864933,5461.763917864933,5461.763917864933,5461.763917864933,5461.763917864933,5461.763917864933,5461.763917864933
5461.763917864933,5461.763917864933,5461.763917864933,5461.763917864933,5461.763917864933,5461.763917864933,5461.763917864933,5461.763917864933,5461.763917864933,5461.763917864933
5461.763917864933,5461.763917864933,5461.763917864933,5461.763917864933,5461.763917864933,5461.763917864933,5461.763917864933,5461.763917864933,5461.763917864933,5461.763917864933
5461.763917864933,5461.763917864933,5461.763917864933,5461.763917864933,5461.763917864933,5461.763917864933,5461.763917864933,5461.763917864933,5461.763917864933,5461.763917864933
5461.763917864933,5461.763917864933,5461.763917864933,5461.763917864933,5461.763917864933,5461.763917864933,5461.763917864933,5461.763917864933,5461.763917864933,5461.763917864933
5352.990201004597,5352.990201004597,5352.990201004597,5352.990201004597,5352.990201004597,5352.990201004597,5352.990201004597,5352.990201004597,5352.990201004597,5352.990201004597
5352.990201004597,5352.990201004597,5352.990201004597,5352.990201004597,5352.990201004597,5352.990201004597,5352.990201004597,5352.990201004597,5352.990201004597,5352.990201004597
5352.990201004597,5352.990201004597,5352.990201004597,5352.990201004597,5352.990201004597,5352.990201004597,5352.990201004597,5352.990201004597,5352.990201004597,5352.990201004597
5352.990201004597,5352.990201004597,5352.990201004597,5352.990201004597,5352.990201004597,5352.990201004597,5352.990201004597,5352.990201004597,5352.990201004597,5352.990201004597
5352.990201004597,5352.990201004597,5352.990201004597,5352.990201004597,5352.990201004597,5352.990201004597,5352.990201004597,5352.990201004597,5352.990201004597,5352.990201004597
5352.990201004597,5352.990201004597,5352.990201004597,5352.990201004597,5352.990201004597,5352.990201004597,5352.990201004597,5352.990201004597,5352.990201004597,5352.990201004597
5352.990201004597,5352.990201004597,5352.990201004597,5352.990201004597,5352.990201004597,5352.990201004597,5352.990201004597,5352.990201004597,5352.990201004597,5352.990201004597
5352.990201004597,5352.990201004597,5352.990201004597,5352.990201004597,5352.990201004597,5352.990201004597,5352.990201004597,5352.990201004597,5352.990201004597,5352.990201004597
5352.990201004597,5352.990201004597,5352.990201004597,5352.990201004597,5352.990201004597,5352.990201004597,5352.990201004597,5352.990201004597,5352.990201004597,5352.990201004597
5352.990201004597,5352.990201004597,5352.990201004597,5352.990201004597,5352.990201004597,5352.990201004597,5352.990201004597,5352.990201004597,5352.990201004597,5352.990201004597
5352.990201004597,5352.990201004597,5352.990201004597,5352.990201004597,5352.990201004597,5352.990201004597,5352.990201004597,5352.990201004597,5352.990201004597,5352.990201004597
5352.990201004597,5352.990201004597,5352.990201004597,5352.990201004597,5352.990201004597,5352.990201004597,5352.990201004597,5352.990201004597,5352.990201004597,5352.990201004597
5352.990201004597,5352.990201004597,5352.990201004597,5352.990201004597,5352.990201004597,5352.990201004597,5352.990201004597,5352.990201004597,5352.990201004597,5352.990201004597
5352.990201004597,5352.990201004597,5352.990201004597,5352.990201004597,5352.990201004597,5352.990201004597,5352.990201004597,5352.990201004597,5352.990201004597,5352.990201004597
5352.990201004597,5352.990201004597,5352.990201004597,5352.990201004597,5352.990201004597,5352.990201004597,5352.990201004597,5352.990201004597,5352.990201004597,5352.990201004597
5352.990201004597,5352.990201004597,5352.990201004597,5352.990201004597,5352.990201004597,5352.990201004597,5352.990201004597,5352.990201004597,5352.990201004597,5352.990201004597
5352.990201004597,5352.990201004597,5352.990201004597,5352.990201004597,5352.990201004597,5352.990201004597,5352.990201004597,5352.990201004597,5352.990201004597,5352.990201004597
5352.990201004597,5352.990201004597,5352.990201004597,5352.990201004597,5352.990201004597,5352.990201004597,5352.990201004597,5352.990201004597,5352.990201004597,5352.990201004597
5352.990201004597,5352.990201004597,5352.990201004597,5352.990201004597,5352.990201004597,5352.990201004597,5352.990201004597,5352.990201004597,5352.990201004597,5352.990201004597
5352.990201004597,5352.990201004597,5352.990201004597,5352.990201004597,5352.990201004597,5352.990201004597,5352.990201004597,5352.990201004597,5352.990201004597,5352.990201004597
5352.990201004597,5352.990201004597,5352.990201004597,5352.990201004597,5352.990201004597,5352.990201004597,5352.990201004597,5352.990201004597,5352.990201004597,5352.990201004597
5352.990201004597,5352.990201004597,5352.990201004597,5352.990201004597,5352.990201004597,5352.990201004597,5352.990201004597,5352.990201004597,5352.990201004597,5352.990201004597
5352.990201004597,5352.990201004597,5352.990201004597,5352.990201004597,5352.990201004597,5352.990201004597,5352.990201004597,5352.990201004597,5352.990201004597,5352.990201004597
5352.990201004597,5352.990201004597,5352.990201004597,5352.990201004597,5352.990201004597,5352.990201004597,5352.990201004597,5352.990201004597,5352.990201004597,5352.990201004597
5307.601288386136,5307.601288386136,5307.601288386136,5307.601288386136,5307.601288386136,5307.601288386136,5307.601288386136,5307.601288386136,5307.601288386136,5307.601288386136
5307.601288386136,5307.601288386136,5307.601288386136,5307.601288386136,5307.601288386136,5307.601288386136,5307.601288386136,5307.601288386136,5307.601288386136,5307.601288386136
5307.601288386136,5307.601288386136,5307.601288386136,5307.601288386136,5307.601288386136,5307.601288386136,5307.601288386136,5307.601288386136,5307.601288386136,5307.601288386136
5307.601288386136,5307.601288386136,5307.601288386136,5307.601288386136,5307.601288386136,5307.601288386136,5307.601288386136,5307.601288386136,5307.601288386136,5307.601288386136
5307.601288386136,5307.601288386136,5307.601288386136,5307.601288386136,5307.601288386136,5307.601288386136,5307.601288386136,5307.601288386136,5307.601288386136,5307.601288386136
5307.601288386136,5307.601288386136,5307.601288386136,5307.601288386136,5307.601288386136,5307.601288386136,5307.601288386136,5307.601288386136,5307.601288386136,5307.601288386136
5307.601288386136,5307.601288386136,5307.601288386136,5307.601288386136,5307.601288386136,5307.601288386136,5307.601288386136,5307.601288386136,5307.601288386136,5307.601288386136
5307.601288386136,5307.601288386136,5307.601288386136,5307.601288386136,5307.601288386136,5307.601288386136,5307.601288386136,5307.601288386136,5307.601288386136,5307.601288386136
5307.601288386136,5307.601288386136,5307.601288386136,5307.601288386136,5307.601288386136,5307.601288386136,5307.601288386136,5307.601288386136,5307.601288386136,5307.601288386136
5307.601288386136,5307.601288386136,5307.601288386136,5307.601288386136,5307.601288386136,5307.601288386136,5307.601288386136,5307.601288386136,5307.601288386136,5307.601288386136
5307.601288386136,5307.601288386136,5307.601288386136,5307.601288386136,5307.601288386136,5307.601288386136,5307.601288386136,5307.601288386136,5307.601288386136,5307.601288386136
5307.601288386136,5307.601288386136,5307.601288386136,5307.601288386136,5307.601288386136,5307.601288386136,5307.601288386136,5307.601288386136,5307.601288386136,5307.601288386136
5307.601288386136,5307.601288386136,5307.601288386136,5307.601288386136,5307.601288386136,5307.601288386136,5307.601288386136,5307.601288386136,5307.601288386136,5307.601288386136
5307.601288386136,5307.601288386136,5307.601288386136,5307.601288386136,5307.601288386136,5307.601288386136,5307.601288386136,5307.601288386136,5307.601288386136,5307.601288386136
5307.601288386136,5307.601288386136,5307.601288386136,5307.601288386136,5307.601288386136,5307.601288386136,5307.601288386136,5307.601288386136,5307.601288386136,5307.601288386136
5307.601288386136,5307.601288386136,5307.601288386136,5307.601288386136,5307.601288386136,5307.601288386136,5307.601288386136,5307.601288386136,5307.601288386136,5307.601288386136
5307.601288386136,5307.601288386136,5307.601288386136,5307.601288386136,5307.601288386136,5307.601288386136,5307.601288386136,5307.601288386136,5307.601288386136,5307.601288386136
5307.601288386136,5307.601288386136,5307.601288386136,5307.601288386136,5307.601288386136,5307.601288386136,5307.601288386136,5307.601288386136,5307.601288386136,5307.601288386136
5307.601288386136,5307.601288386136,5307.601288386136,5307.601288386136,5307.601288386136,5307.601288386136,5307.601288386136,5307.601288386136,5307.601288386136,5307.601288386136
5307.601288386136,5307.601288386136,5307.601288386136,5307.601288386136,5307.601288386136,5307.601288386136,5307.601288386136,5307.601288386136,5307.601288386136,5307.601288386136
5103.543867697972,5103.543867697972,5103.543867697972,5103.543867697972,5103.543867697972,5103.543867697972,5103.543867697972,5103.543867697972,5103.543867697972,5103.543867697972
5103.543867697972,5103.543867697972,5103.543867697972,5103.543867697972,5103.543867697972,5103.543867697972,5103.543867697972,5103.543867697972,5103.543867697972,5103.543867697972
5103.543867697972,5103.543867697972,5103.543867697972,5103.543867697972,5103.543867697972,5103.543867697972,5103.543867697972,5103.543867697972,5103.543867697972,5103.543867697972
5103.543867697972,5103.543867697972,5103.543867697972,5103.543867697972,5103.543867697972,5103.543867697972,5103.543867697972,5103.543867697972,5103.543867697972,5103.543867697972
5103.543867697972,5103.543867697972,5103.543867697972,5103.543867697972,5103.543867697972,5103.543867697972,5103.543867697972,5103.543867697972,5103.543867697972,5103.543867697972
5103.543867697972,5103.543867697972,5103.543867697972,5103.543867697972,5103.543867697972,5103.543867697972,5103.543867697972,5103.543867697972,5103.543867697972,5103.543867697972
5103.543867697972,5103.543867697972,5103.543867697972,5103.543867697972,5103.543867697972,5103.543867697972,5103.543867697972,5103.543867697972,5103.543867697972,5103.543867697972
5103.543867697972,5103.543867697972,5103.543867697972,5103.543867697972,5103.543867697972,5103.543867697972,5103.543867697972,5103.543867697972,5103.543867697972,5103.543867697972
5103.543867697972,5103.543867697972,5103.543867697972,5103.543867697972,5103.543867697972,5103.543867697972,5103.543867697972,5103.543867697972,5103.543867697972,5103.543867697972
5103.543867697972,5103.543867697972,5103.543867697972,5103.543867697972,5103.543867697972,5103.543867697972,5103.543867697972,5103.543867697972,5103.543867697972,5103.543867697972
5103.543867697972,5103.543867697972,5103.543867697972,5103.543867697972,5103.543867697972,5103.543867697972,5103.543867697972,5103.543867697972,5103.543867697972,5103.543867697972
5103.543867697972,5103.543867697972,5103.543867697972,5103.543867697972,5103.543867697972,5103.543867697972,5103.543867697972,5103.543867697972,5103.543867697972,5103.543867697972
5103.543867697972,5103.543867697972,5103.543867697972,5103.543867697972,5103.543867697972,5103.543867697972,5103.543867697972,5103.543867697972,5103.543867697972,5103.543867697972
5096.229181837442,5096.229181837442,5096.229181837442,5096.229181837442,5096.229181837442,5096.229181837442,5096.229181837442,5096.229181837442,5096.229181837442,5096.229181837442
5096.229181837442,5096.229181837442,5096.229181837442,5096.229181837442,5096.229181837442,5096.229181837442,5096.229181837442,5096.229181837442,5096.229181837442,5096.229181837442
5096.229181837442,5096.229181837442,5096.229181837442,5096.229181837442,5096.229181837442,5096.229181837442,5096.229181837442,5096.229181837442,5096.229181837442,5096.229181837442
5096.229181837442,5096.229181837442,5096.229181837442,5096.229181837442,5096.229181837442,5096.229181837442,5096.229181837442,5096.229181837442,5096.229181837442,5096.229181837442
5096.229181837442,5096.229181837442,5096.229181837442,5096.229181837442,5096.229181837442,5096.229181837442,5096.229181837442,5096.229181837442,5096.229181837442,5096.229181837442
5096.229181837442,5096.229181837442,5096.229181837442,5096.229181837442,5096.229181837442,5096.229181837442,5096.229181837442,5096.229181837442,5096.229181837442,5096.229181837442
5096.229181837442,5096.229181837442,5096.229181837442,5096.229181837442,5096.229181837442,5096.229181837442,5096.229181837442,5096.229181837442,5096.229181837442,5096.229181837442
5096.229181837442,5096.229181837442,5096.229181837442,5096.229181837442,5096.229181837442,5096.229181837442,5096.229181837442,5096.229181837442,5096.229181837442,5096.229181837442
5096.229181837442,5096.229181837442,5096.229181837442,5096.229181837442,5096.229181837442,5096.229181837442,5096.229181837442,5096.229181837442,5096.229181837442,5096.229181837442
5096.229181837442,5096.229181837442,5096.229181837442,5096.229181837442,5096.229181837442,5096.229181837442,5096.229181837442,5096.229181837442,5096.229181837442,5096.229181837442
5096.229181837442,5096.229181837442,5096.229181837442,5096.229181837442,5096.229181837442,5096.229181837442,5096.229181837442,5096.229181837442,5096.229181837442,5096.229181837442
4879.043842426409,4879.043842426409,4879.043842426409,4879.043842426409,4879.043842426409,4879.043842426409,4879.043842426409,4879.043842426409,4879.043842426409,4879.043842426409
4879.043842426409,4879.043842426409,4879.043842426409,4879.043842426409,4879.043842426409,4879.043842426409,4879.043842426409,4879.043842426409,4879.043842426409,4879.043842426409
4879.043842426409,4879.043842426409,4879.043842426409,4879.043842426409,4879.043842426409,4879.043842426409,4879.043842426409,4879.043842426409,4879.043842426409,4879.043842426409
4879.043842426409,4879.043842426409,4879.043842426409,4879.043842426409,4879.043842426409,4879.043842426409,4879.043842426409,4879.043842426409,4879.043842426409,4879.043842426409
4879.043842426409,4879.043842426409,4879.043842426409,4879.043842426409,4879.043842426409,4879.043842426409,4879.043842426409,4879.043842426409,4879.043842426409,4879.043842426409
4879.043842426409,4879.043842426409,4879.043842426409,4879.043842426409,4879.043842426409,4879.043842426409,4879.043842426409,4879.043842426409,4879.043842426409,4879.043842426409
4879.043842426409,4879.043842426409,4879.043842426409,4879.043842426409,4879.043842426409,4879.043842426409,4879.043842426409,4879.043842426409,4879.043842426409,4879.043842426409
4879.043842426409,4879.043842426409,4879.043842426409,4879.043842426409,4879.043842426409,4879.043842426409,4879.043842426409,4879.043842426409,4879.043842426409,4879.043842426409
4879.043842426409,4879.043842426409,4879.043842426409,4879.043842426409,4879.043842426409,4879.043842426409,4879.043842426409,4879.043842426409,4879.043842426409,4879.043842426409
4879.043842426409,4879.043842426409,4879.043842426409,4879.043842426409,4879.043842426409,4879.043842426409,4879.043842426409,4879.043842426409,4879.043842426409,4879.043842426409
4879.043842426409,4879.043842426409,4879.043842426409,4879.043842426409,4879.043842426409,4879.043842426409,4879.043842426409,4879.043842426409,4879.043842426409,4879.043842426409
4879.043842426409,4879.043842426409,4879.043842426409,4879.043842426409,4879.043842426409,4879.043842426409,4879.043842426409,4879.043842426409,4879.043842426409,4879.043842426409
4879.043842426409,4879.043842426409,4879.043842426409,4879.043842426409,4879.043842426409,4879.043842426409,4879.043842426409,4879.043842426409,4879.043842426409,4879.043842426409
4879.043842426409,4879.043842426409,4879.043842426409,4879.043842426409,4879.043842426409,4879.043842426409,4879.043842426409,4879.043842426409,4879.043842426409,4879.043842426409
4879.043842426409,4879.043842426409,4879.043842426409,4879.043842426409,4879.043842426409,4879.043842426409,4879.043842426409,4879.043842426409,4879.043842426409,4879.043842426409
4879.043842426409,4879.043842426409,4879.043842426409,4879.043842426409,4879.043842426409,4879.043842426409,4879.043842426409,4879.043842426409,4879.043842426409,4879.043842426409
4879.043842426409,4879.043842426409,4879.043842426409,4879.043842426409,4879.043842426409,4879.043842426409,4879.043842426409,4879.043842426409,4879.043842426409,4879.043842426409
4879.043842426409,4879.043842426409,4879.043842426409,4879.043842426409,4879.043842426409,4879.043842426409,4879.043842426409,4879.043842426409,4879.043842426409,4879.043842426409
4879.043842426409,4879.043842426409,4879.043842426409,4879.043842426409,4879.043842426409,4879.043842426409,4879.043842426409,4879.043842426409,4879.043842426409,4879.043842426409
4879.043842426409,4879.043842426409,4879.043842426409,4879.043842426409,4879.043842426409,4879.043842426409,4879.043842426409,4879.043842426409,4879.043842426409,4879.043842426409
4879.043842426409,4879.043842426409,4879.043842426409,4879.043842426409,4879.043842426409,4879.043842426409,4879.043842426409,4879.043842426409,4879.043842426409,4879.043842426409
4879.043842426409,4879.043842426409,4879.043842426409,4879.043842426409,4879.043842426409,4879.043842426409,4879.043842426409,4879.043842426409,4879.043842426409,4879.043842426409
4879.043842426409,4879.043842426409,4879.043842426409,4879.043842426409,4879.043842426409,4879.043842426409,4879.043842426409,4879.043842426409,4879.043842426409,4879.043842426409
4879.043842426409,4879.043842426409,4879.043842426409,4879.043842426409,4879.043842426409,4879.043842426409,4879.043842426409,4879.043842426409,4879.043842426409,4879.043842426409
4879.043842426409,4879.043842426409,4879.043842426409,4879.043842426409,4879.043842426409,4879.043842426409,4879.043842426409,4879.043842426409,4879.043842426409,4879.043842426409
4879.043842426409,4879.043842426409,4879.043842426409,4879.043842426409,4879.043842426409,4879.043842426409,4879.043842426409,4879.043842426409,4879.043842426409,4879.043842426409
4879.043842426409,4879.043842426409,4879.043842426409,4879.043842426409,4879.043842426409,4879.043842426409,4879.043842426409,4879.043842426409,4879.043842426409,4879.043842426409
4793.1007723702405,4793.1007723702405,4793.1007723702405,4793.1007723702405,4793.1007723702405,4793.1007723702405,4793.1007723702405,4793.1007723702405,4793.1007723702405,4793.1007723702405
4793.1007723702405,4793.1007723702405,4793.1007723702405,4793.1007723702405,4793.1007723702405,4793.1007723702405,4793.1007723702405,4793.1007723702405,4793.1007723702405,4793.1007723702405
4793.1007723702405,4793.1007723702405,4793.1007723702405,4793.1007723702405,4793.1007723702405,4793.1007723702405,4793.1007723702405,4793.1007723702405,4793.1007723702405,4793.1007723702405
4793.1007723702405,4793.1007723702405,4793.1007723702405,4793.1007723702405,4793.1007723702405,4793.1007723702405,4793.1007723702405,4793.1007723702405,4793.1007723702405,4793.1007723702405
4793.1007723702405,4793.1007723702405,4793.1007723702405,4793.1007723702405,4793.1007723702405,4793.1007723702405,4793.1007723702405,4793.1007723702405,4793.1007723702405,4793.1007723702405
4793.1007723702405,4793.1007723702405,4793.1007723702405,4793.1007723702405,4793.1007723702405,4793.1007723702405,4793.1007723702405,4793.1007723702405,4793.1007723702405,4793.1007723702405
4793.1007723702405,4793.1007723702405,4793.1007723702405,4793.1007723702405,4793.1007723702405,4793.1007723702405,4793.1007723702405,4793.1007723702405,4793.1007723702405,4793.1007723702405
4793.1007723702405,4793.1007723702405,4793.1007723702405,4793.1007723702405,4793.1007723702405,4793.1007723702405,4793.1007723702405,4793.1007723702405,4793.1007723702405,4793.1007723702405
4793.1007723702405,4793.1007723702405,4793.1007723702405,4793.1007723702405,4793.1007723702405,4793.1007723702405,4793.1007723702405,4793.1007723702405,4793.1007723702405,4793.1007723702405
4793.1007723702405,4793.1007723702405,4793.1007723702405,4793.1007723702405,4793.1007723702405,4793.1007723702405,4793.1007723702405,4793.1007723702405,4793.1007723702405,4793.1007723702405
4793.1007723702405,4793.1007723702405,4793.1007723702405,4793.1007723702405,4793.1007723702405,4793.1007723702405,4793.1007723702405,4793.1007723702405,4793.1007723702405,4793.1007723702405
4793.1007723702405,4793.1007723702405,4793.1007723702405,4793.1007723702405,4793.1007723702405,4793.1007723702405,4793.1007723702405,4793.1007723702405,4793.1007723702405,4793.1007723702405
4793.1007723702405,4793.1007723702405,4793.1007723702405,4793.1007723702405,4793.1007723702405,4793.1007723702405,4793.1007723702405,4793.1007723702405,4793.1007723702405,4793.1007723702405
4793.1007723702405,4793.1007723702405,4793.1007723702405,4793.1007723702405,4793.1007723702405,4793.1007723702405,4793.1007723702405,4793.1007723702405,4793.1007723702405,4793.1007723702405
4793.1007723702405,4793.1007723702405,4793.1007723702405,4793.1007723702405,4793.1007723702405,4793.1007723702405,4793.1007723702405,4793.1007723702405,4793.1007723702405,4793.1007723702405
4793.1007723702405,4793.1007723702405,4793.1007723702405,4793.1007723702405,4793.1007723702405,4793.1007723702405,4793.1007723702405,4793.1007723702405,4793.1007723702405,4793.1007723702405
4793.1007723702405,4793.1007723702405,4793.1007723702405,4793.1007723702405,4793.1007723702405,4793.1007723702405,4793.1007723702405,4793.1007723702405,4793.1007723702405,4793.1007723702405
4793.1007723702405,4793.1007723702405,4793.1007723702405,4793.1007723702405,4793.1007723702405,4793.1007723702405,4793.1007723702405,4793.1007723702405,4793.1007723702405,4793.1007723702405
4793.1007723702405,4793.1007723702405,4793.1007723702405,4793.1007723702405,4793.1007723702405,4793.1007723702405,4793.1007723702405,4793.1007723702405,4793.1007723702405,4793.1007723702405
4793.1007723702405,4793.1007723702405,4793.1007723702405,4793.1007723702405,4793.1007723702405,4793.1007723702405,4793.1007723702405,4793.1007723702405,4793.1007723702405,4793.1007723702405
4793.1007723702405,4793.1007723702405,4793.1007723702405,4793.1007723702405,4793.1007723702405,4793.1007723702405,4793.1007723702405,4793.1007723702405,4793.1007723702405,4793.1007723702405
4793.1007723702405,4793.1007723702405,4793.1007723702405,4793.1007723702405,4793.1007723702405,4793.1007723702405,4793.1007723702405,4793.1007723702405,4793.1007723702405,4793.1007723702405
4793.1007723702405,4793.1007723702405,4793.1007723702405,4793.1007723702405,4793.1007723702405,4793.1007723702405,4793.1007723702405,4793.1007723702405,4793.1007723702405,4793.1007723702405
4793.1007723702405,4793.1007723702405,4793.1007723702405,4793.1007723702405,4793.1007723702405,4793.1007723702405,4793.1007723702405,4793.1007723702405,4793.1007723702405,4793.1007723702405
4793.1007723702405,4793.1007723702405,4793.1007723702405,4793.1007723702405,4793.1007723702405,4793.1007723702405,4793.1007723702405,4793.1007723702405,4793.1007723702405,4793.1007723702405
4793.1007723702405,4793.1007723702405,4793.1007723702405,4793.1007723702405,4793.1007723702405,4793.1007723702405,4793.1007723702405,4793.1007723702405,4793.1007723702405,4793.1007723702405
4793.1007723702405,4793.1007723702405,4793.1007723702405,4793.1007723702405,4793.1007723702405,4793.1007723702405,4793.1007723702405,4793.1007723702405,4793.1007723702405,4793.1007723702405
4793.1007723702405,4793.1007723702405,4793.1007723702405,4793.1007723702405,4793.1007723702405,4793.1007723702405,4793.1007723702405,4793.1007723702405,4793.1007723702405,4793.1007723702405
4793.1007723702405,4793.1007723702405,4793.1007723702405,4793.1007723702405,4793.1007723702405,4793.1007723702405,4793.1007723702405,4793.1007723702405,4793.1007723702405,4793.1007723702405
4793.1007723702405,4793.1007723702405,4793.1007723702405,4793.1007723702405,4793.1007723702405,4793.1007723702405,4793.1007723702405,4793.1007723702405,4793.1007723702405,4793.1007723702405
4793.1007723702405,4793.1007723702405,4793.1007723702405,4793.1007723702405,4793.1007723702405,4793.1007723702405,4793.1007723702405,4793.1007723702405,4793.1007723702405,4793.1007723702405
4793.1007723702405,4793.1007723702405,4793.1007723702405,4793.1007723702405,4793.1007723702405,4793.1007723702405,4793.1007723702405,4793.1007723702405,4793.1007723702405,4793.1007723702405
4793.1007723702405,4793.1007723702405,4793.1007723702405,4793.1007723702405,4793.1007723702405,4793.1007723702405,4793.1007723702405,4793.1007723702405,4793.1007723702405,4793.1007723702405
4793.1007723702405,4793.1007723702405,4793.1007723702405,4793.1007723702405,4793.1007723702405,4793.1007723702405,4793.1007723702405,4793.1007723702405,4793.1007723702405,4793.1007723702405
4793.1007723702405,4793.1007723702405,4793.1007723702405,4793.1007723702405,4793.1007723702405,4793.1007723702405,4793.1007723702405,4793.1007723702405,4793.1007723702405,4793.1007723702405
4793.1007723702405,4793.1007723702405,4793.1007723702405,4793.1007723702405,4793.1007723702405,4793.1007723702405,4793.1007723702405,4793.1007723702405,4793.1007723702405,4793.1007723702405
4793.1007723702405,4793.1007723702405,4793.1007723702405,4793.1007723702405,4793.1007723702405,4793.1007723702405,4793.1007723702405,4793.1007723702405,4793.1007723702405,4793.1007723702405
4793.1007723702405,4793.1007723702405,4793.1007723702405,4793.1007723702405,4793.1007723702405,4793.1007723702405,4793.1007723702405,4793.1007723702405,4793.1007723702405,4793.1007723702405
4793.1007723702405,4793.1007723702405,4793.1007723702405,4793.1007723702405,4793.1007723702405,4793.1007723702405,4793.1007723702405,4793.1007723702405,4793.1007723702405,4793.1007723702405
4793.1007723702405,4793.1007723702405,4793.1007723702405,4793.1007723702405,4793.1007723702405,4793.1007723702405,4793.1007723702405,4793.1007723702405,4793.1007723702405,4793.1007723702405
4793.1007723702405,4793.1007723702405,4793.1007723702405,4793.1007723702405,4793.1007723702405,4793.1007723702405,4793.1007723702405,4793.1007723702405,4793.1007723702405,4793.1007723702405
4793.1007723702405,4793.1007723702405,4793.1007723702405,4793.1007723702405,4793.1007723702405,4793.1007723702405,4793.1007723702405,4793.1007723702405,4793.1007723702405,4793.1007723702405
4793.1007723702405,4793.1007723702405,4793.1007723702405,4793.1007723702405,4793.1007723702405,4793.1007723702405,4793.1007723702405,4793.1007723702405,4793.1007723702405,4793.1007723702405
4793.1007723702405,4793.1007723702405,4793.1007723702405,4793.1007723702405,4793.1007723702405,4793.1007723702405,4793.1007723702405,4793.1007723702405,4793.1007723702405,4793.1007723702405
4793.1007723702405,4793.1007723702405,4793.1007723702405,4793.1007723702405,4793.1007723702405,4793.1007723702405,4793.1007723702405,4793.1007723702405,4793.1007723702405,4793.1007723702405
4793.1007723702405,4793.1007723702405,4793.1007723702405,4793.1007723702405,4793.1007723702405,4793.1007723702405,4793.1007723702405,4793.1007723702405,4793.1007723702405,4793.1007723702405
4793.1007723702405,4793.1007723702405,4793.1007723702405,4793.1007723702405,4793.1007723702405,4793.1007723702405,4793.1007723702405,4793.1007723702405,4793.1007723702405,4793.1007723702405
4793.1007723702405,4793.1007723702405,4793.1007723702405,4793.1007723702405,4793.1007723702405,4793.1007723702405,4793.1007723702405,4793.1007723702405,4793.1007723702405,4793.1007723702405
4793.1007723702405,4793.1007723702405,4793.1007723702405,4793.1007723702405,4793.1007723702405,4793.1007723702405,4793.1007723702405,4793.1007723702405,4793.1007723702405,4793.1007723702405
4793.1007723702405,4793.1007723702405,4793.1007723702405,4793.1007723702405,4793.1007723702405,4793.1007723702405,4793.1007723702405,4793.1007723702405,4793.1007723702405,4793.1007723702405
4793.1007723702405,4793.1007723702405,4793.1007723702405,4793.1007723702405,4793.1007723702405,4793.1007723702405,4793.1007723702405,4793.1007723702405,4793.1007723702405,4793.1007723702405
4793.1007723702405,4793.1007723702405,4793.1007723702405,4793.1007723702405,4793.1007723702405,4793.1007723702405,4793.1007723702405,4793.1007723702405,4793.1007723702405,4793.1007723702405
4793.1007723702405,4793.1007723702405,4793.1007723702405,4793.1007723702405,4793.1007723702405,4793.1007723702405,4793.1007723702405,4793.1007723702405,4793.1007723702405,4793.1007723702405
4793.1007723702405,4793.1007723702405,4793.1007723702405,4793.1007723702405,4793.1007723702405,4793.1007723702405,4793.1007723702405,4793.1007723702405,4793.1007723702405,4793.1007723702405
4793.1007723702405,4793.1007723702405,4793.1007723702405,4793.1007723702405,4793.1007723702405,4793.1007723702405,4793.1007723702405,4793.1007723702405,4793.1007723702405,4793.1007723702405
4793.1007723702405,4793.1007723702405,4793.1007723702405,4793.1007723702405,4793.1007723702405,4793.1007723702405,4793.1007723702405,4793.1007723702405,4793.1007723702405,4793.1007723702405
4793.1007723702405,4793.1007723702405,4793.1007723702405,4793.1007723702405,4793.1007723702405,4793.1007723702405,4793.1007723702405,4793.1007723702405,4793.1007723702405,4793.1007723702405
4793.1007723702405,4793.1007723702405,4793.1007723702405,4793.1007723702405,4793.1007723702405,4793.1007723702405,4793.1007723702405,4793.1007723702405,4793.1007723702405,4793.1007723702405
4793.1007723702405,4793.1007723702405,4793.1007723702405,4793.1007723702405,4793.1007723702405,4793.1007723702405,4793.1007723702405,4793.1007723702405,4793.1007723702405,4793.1007723702405
