trial_1,trial_2,trial_3,trial_4,trial_5,trial_6,trial_7,trial_8,trial_9,trial_10
83177660285.30441,83177660285.30441,83177660285.30441,83177660285.30441,83177660285.30441,83177660285.30441,83177660285.30441,83177660285.30441,83177660285.30441,83177660285.30441
73152448806.6757,73152448806.6757,73152448806.6757,73152448806.6757,73152448806.6757,73152448806.6757,73152448806.6757,73152448806.6757,73152448806.6757,73152448806.6757
68072949862.41512,68072949862.41512,68072949862.41512,68072949862.41512,68072949862.41512,68072949862.41512,68072949862.41512,68072949862.41512,68072949862.41512,68072949862.41512
68072949862.41512,68072949862.41512,68072949862.41512,68072949862.41512,68072949862.41512,68072949862.41512,68072949862.41512,68072949862.41512,68072949862.41512,68072949862.41512
59445755830.14188,59445755830.14188,59445755830.14188,59445755830.14188,59445755830.14188,59445755830.14188,59445755830.14188,59445755830.14188,59445755830.14188,59445755830.14188
55767930814.28768,55767930814.28768,55767930814.28768,55767930814.28768,55767930814.28768,55767930814.28768,55767930814.28768,55767930814.28768,55767930814.28768,55767930814.28768
50678534889.94499,50678534889.94499,50678534889.94499,50678534889.94499,50678534889.94499,50678534889.94499,50678534889.94499,50678534889.94499,50678534889.94499,50678534889.94499
50678534889.94499,50678534889.94499,50678534889.94499,50678534889.94499,50678534889.94499,50678534889.94499,50678534889.94499,50678534889.94499,50678534889.94499,50678534889.94499
44171830452.24426,44171830452.24426,44171830452.24426,44171830452.24426,44171830452.24426,44171830452.24426,44171830452.24426,44171830452.24426,44171830452.24426,44171830452.24426
44171830452.24426,44171830452.24426,44171830452.24426,44171830452.24426,44171830452.24426,44171830452.24426,44171830452.24426,44171830452.24426,44171830452.24426,44171830452.24426
44171830452.24426,44171830452.24426,44171830452.24426,44171830452.24426,44171830452.24426,44171830452.24426,44171830452.24426,44171830452.24426,44171830452.24426,44171830452.24426
44171830452.24426,44171830452.24426,44171830452.24426,44171830452.24426,44171830452.24426,44171830452.24426,44171830452.24426,44171830452.24426,44171830452.24426,44171830452.24426
44171830452.24426,44171830452.24426,44171830452.24426,44171830452.24426,44171830452.24426,44171830452.24426,44171830452.24426,44171830452.24426,44171830452.24426,44171830452.24426
44171830452.24426,44171830452.24426,44171830452.24426,44171830452.24426,44171830452.24426,44171830452.24426,44171830452.24426,44171830452.24426,44171830452.24426,44171830452.24426
44171830452.24426,44171830452.24426,44171830452.24426,44171830452.24426,44171830452.24426,44171830452.24426,44171830452.24426,44171830452.24426,44171830452.24426,44171830452.24426
40419043611.577385,40419043611.577385,40419043611.577385,40419043611.577385,40419043611.577385,40419043611.577385,40419043611.577385,40419043611.577385,40419043611.577385,40419043611.577385
40419043611.577385,40419043611.577385,40419043611.577385,40419043611.577385,40419043611.577385,40419043611.577385,40419043611.577385,40419043611.577385,40419043611.577385,40419043611.577385
36518009492.2091,36518009492.2091,36518009492.2091,36518009492.2091,36518009492.2091,36518009492.2091,36518009492.2091,36518009492.2091,36518009492.2091,36518009492.2091
36243183151.15224,36243183151.15224,36243183151.15224,36243183151.15224,36243183151.15224,36243183151.15224,36243183151.15224,36243183151.15224,36243183151.15224,36243183151.15224
36243183151.15224,36243183151.15224,36243183151.15224,36243183151.15224,36243183151.15224,36243183151.15224,36243183151.15224,36243183151.15224,36243183151.15224,36243183151.15224
36243183151.15224,36243183151.15224,36243183151.15224,36243183151.15224,36243183151.15224,36243183151.15224,36243183151.15224,36243183151.15224,36243183151.15224,36243183151.15224
36243183151.15224,36243183151.15224,36243183151.15224,36243183151.15224,36243183151.15224,36243183151.15224,36243183151.15224,36243183151.15224,36243183151.15224,36243183151.15224
36243183151.15224,36243183151.15224,36243183151.15224,36243183151.15224,36243183151.15224,36243183151.15224,36243183151.15224,36243183151.15224,36243183151.15224,36243183151.15224
35717645853.266014,35717645853.266014,35717645853.266014,35717645853.266014,35717645853.266014,35717645853.266014,35717645853.266014,35717645853.266014,35717645853.266014,35717645853.266014
35717645853.266014,35717645853.266014,35717645853.266014,35717645853.266014,35717645853.266014,35717645853.266014,35717645853.266014,35717645853.266014,35717645853.266014,35717645853.266014
34592164391.11052,34592164391.11052,34592164391.11052,34592164391.11052,34592164391.11052,34592164391.11052,34592164391.11052,34592164391.11052,34592164391.11052,34592164391.11052
32272691198.787315,32272691198.787315,32272691198.787315,32272691198.787315,32272691198.787315,32272691198.787315,32272691198.787315,32272691198.787315,32272691198.787315,32272691198.787315
32058329180.726215,32058329180.726215,32058329180.726215,32058329180.726215,32058329180.726215,32058329180.726215,32058329180.726215,32058329180.726215,32058329180.726215,32058329180.726215
32058329180.726215,32058329180.726215,32058329180.726215,32058329180.726215,32058329180.726215,32058329180.726215,32058329180.726215,32058329180.726215,32058329180.726215,32058329180.726215
28807231292.304756,28807231292.304756,28807231292.304756,28807231292.304756,28807231292.304756,28807231292.304756,28807231292.304756,28807231292.304756,28807231292.304756,28807231292.304756
28807231292.304756,28807231292.304756,28807231292.304756,28807231292.304756,28807231292.304756,28807231292.304756,28807231292.304756,28807231292.304756,28807231292.304756,28807231292.304756
28807231292.304756,28807231292.304756,28807231292.304756,28807231292.304756,28807231292.304756,28807231292.304756,28807231292.304756,28807231292.304756,28807231292.304756,28807231292.304756
28807231292.304756,28807231292.304756,28807231292.304756,28807231292.304756,28807231292.304756,28807231292.304756,28807231292.304756,28807231292.304756,28807231292.304756,28807231292.304756
28807231292.304756,28807231292.304756,28807231292.304756,28807231292.304756,28807231292.304756,28807231292.304756,28807231292.304756,28807231292.304756,28807231292.304756,28807231292.304756
28771031805.01478,28771031805.01478,28771031805.01478,28771031805.01478,28771031805.01478,28771031805.01478,28771031805.01478,28771031805.01478,28771031805.01478,28771031805.01478
27985194589.64941,27985194589.64941,27985194589.64941,27985194589.64941,27985194589.64941,27985194589.64941,27985194589.64941,27985194589.64941,27985194589.64941,27985194589.64941
27985194589.64941,27985194589.64941,27985194589.64941,27985194589.64941,27985194589.64941,27985194589.64941,27985194589.64941,27985194589.64941,27985194589.64941,27985194589.64941
27985194589.64941,27985194589.64941,27985194589.64941,27985194589.64941,27985194589.64941,27985194589.64941,27985194589.64941,27985194589.64941,27985194589.64941,27985194589.64941
27985194589.64941,27985194589.64941,27985194589.64941,27985194589.64941,27985194589.64941,27985194589.64941,27985194589.64941,27985194589.64941,27985194589.64941,27985194589.64941
27985194589.64941,27985194589.64941,27985194589.64941,27985194589.64941,27985194589.64941,27985194589.64941,27985194589.64941,27985194589.64941,27985194589.64941,27985194589.64941
26716596681.663273,26716596681.663273,26716596681.663273,26716596681.663273,26716596681.663273,26716596681.663273,26716596681.663273,26716596681.663273,26716596681.663273,26716596681.663273
26716596681.663273,26716596681.663273,26716596681.663273,26716596681.663273,26716596681.663273,26716596681.663273,26716596681.663273,26716596681.663273,26716596681.663273,26716596681.663273
26716596681.663273,26716596681.663273,26716596681.663273,26716596681.663273,26716596681.663273,26716596681.663273,26716596681.663273,26716596681.663273,26716596681.663273,26716596681.663273
26716596681.663273,26716596681.663273,26716596681.663273,26716596681.663273,26716596681.663273,26716596681.663273,26716596681.663273,26716596681.663273,26716596681.663273,26716596681.663273
26716596681.663273,26716596681.663273,26716596681.663273,26716596681.663273,26716596681.663273,26716596681.663273,26716596681.663273,26716596681.663273,26716596681.663273,26716596681.663273
26716596681.663273,26716596681.663273,26716596681.663273,26716596681.663273,26716596681.663273,26716596681.663273,26716596681.663273,26716596681.663273,26716596681.663273,26716596681.663273
26716596681.663273,26716596681.663273,26716596681.663273,26716596681.663273,26716596681.663273,26716596681.663273,26716596681.663273,26716596681.663273,26716596681.663273,26716596681.663273
26716596681.663273,26716596681.663273,26716596681.663273,26716596681.663273,26716596681.663273,26716596681.663273,26716596681.663273,26716596681.663273,26716596681.663273,26716596681.663273
26384140719.36556,26384140719.36556,26384140719.36556,26384140719.36556,26384140719.36556,26384140719.36556,26384140719.36556,26384140719.36556,26384140719.36556,26384140719.36556
26312348637.85159,26312348637.85159,26312348637.85159,26312348637.85159,26312348637.85159,26312348637.85159,26312348637.85159,26312348637.85159,26312348637.85159,26312348637.85159
26312348637.85159,26312348637.85159,26312348637.85159,26312348637.85159,26312348637.85159,26312348637.85159,26312348637.85159,26312348637.85159,26312348637.85159,26312348637.85159
26312348637.85159,26312348637.85159,26312348637.85159,26312348637.85159,26312348637.85159,26312348637.85159,26312348637.85159,26312348637.85159,26312348637.85159,26312348637.85159
26312348637.85159,26312348637.85159,26312348637.85159,26312348637.85159,26312348637.85159,26312348637.85159,26312348637.85159,26312348637.85159,26312348637.85159,26312348637.85159
26312348637.85159,26312348637.85159,26312348637.85159,26312348637.85159,26312348637.85159,26312348637.85159,26312348637.85159,26312348637.85159,26312348637.85159,26312348637.85159
26312348637.85159,26312348637.85159,26312348637.85159,26312348637.85159,26312348637.85159,26312348637.85159,26312348637.85159,26312348637.85159,26312348637.85159,26312348637.85159
26312348637.85159,26312348637.85159,26312348637.85159,26312348637.85159,26312348637.85159,26312348637.85159,26312348637.85159,26312348637.85159,26312348637.85159,26312348637.85159
26312348637.85159,26312348637.85159,26312348637.85159,26312348637.85159,26312348637.85159,26312348637.85159,26312348637.85159,26312348637.85159,26312348637.85159,26312348637.85159
25417991399.876568,25417991399.876568,25417991399.876568,25417991399.876568,25417991399.876568,25417991399.876568,25417991399.876568,25417991399.876568,25417991399.876568,25417991399.876568
25417991399.876568,25417991399.876568,25417991399.876568,25417991399.876568,25417991399.876568,25417991399.876568,25417991399.876568,25417991399.876568,25417991399.876568,25417991399.876568
25417991399.876568,25417991399.876568,25417991399.876568,25417991399.876568,25417991399.876568,25417991399.876568,25417991399.876568,25417991399.876568,25417991399.876568,25417991399.876568
25417991399.876568,25417991399.876568,25417991399.876568,25417991399.876568,25417991399.876568,25417991399.876568,25417991399.876568,25417991399.876568,25417991399.876568,25417991399.876568
25417991399.876568,25417991399.876568,25417991399.876568,25417991399.876568,25417991399.876568,25417991399.876568,25417991399.876568,25417991399.876568,25417991399.876568,25417991399.876568
25417991399.876568,25417991399.876568,25417991399.876568,25417991399.876568,25417991399.876568,25417991399.876568,25417991399.876568,25417991399.876568,25417991399.876568,25417991399.876568
25417991399.876568,25417991399.876568,25417991399.876568,25417991399.876568,25417991399.876568,25417991399.876568,25417991399.876568,25417991399.876568,25417991399.876568,25417991399.876568
25417991399.876568,25417991399.876568,25417991399.876568,25417991399.876568,25417991399.876568,25417991399.876568,25417991399.876568,25417991399.876568,25417991399.876568,25417991399.876568
25277233071.275665,25277233071.275665,25277233071.275665,25277233071.275665,25277233071.275665,25277233071.275665,25277233071.275665,25277233071.275665,25277233071.275665,25277233071.275665
25277233071.275665,25277233071.275665,25277233071.275665,25277233071.275665,25277233071.275665,25277233071.275665,25277233071.275665,25277233071.275665,25277233071.275665,25277233071.275665
25277233071.275665,25277233071.275665,25277233071.275665,25277233071.275665,25277233071.275665,25277233071.275665,25277233071.275665,25277233071.275665,25277233071.275665,25277233071.275665
24942727005.157536,24942727005.157536,24942727005.157536,24942727005.157536,24942727005.157536,24942727005.157536,24942727005.157536,24942727005.157536,24942727005.157536,24942727005.157536
23850719597.6533,23850719597.6533,23850719597.6533,23850719597.6533,23850719597.6533,23850719597.6533,23850719597.6533,23850719597.6533,23850719597.6533,23850719597.6533
23264785307.05266,23264785307.05266,23264785307.05266,23264785307.05266,23264785307.05266,23264785307.05266,23264785307.05266,23264785307.05266,23264785307.05266,23264785307.05266
21732036198.80721,21732036198.80721,21732036198.80721,21732036198.80721,21732036198.80721,21732036198.80721,21732036198.80721,21732036198.80721,21732036198.80721,21732036198.80721
21732036198.80721,21732036198.80721,21732036198.80721,21732036198.80721,21732036198.80721,21732036198.80721,21732036198.80721,21732036198.80721,21732036198.80721,21732036198.80721
21732036198.80721,21732036198.80721,21732036198.80721,21732036198.80721,21732036198.80721,21732036198.80721,21732036198.80721,21732036198.80721,21732036198.80721,21732036198.80721
20945622805.29161,20945622805.29161,20945622805.29161,20945622805.29161,20945622805.29161,20945622805.29161,20945622805.29161,20945622805.29161,20945622805.29161,20945622805.29161
20945622805.29161,20945622805.29161,20945622805.29161,20945622805.29161,20945622805.29161,20945622805.29161,20945622805.29161,20945622805.29161,20945622805.29161,20945622805.29161
20502128692.850883,20502128692.850883,20502128692.850883,20502128692.850883,20502128692.850883,20502128692.850883,20502128692.850883,20502128692.850883,20502128692.850883,20502128692.850883
20502128692.850883,20502128692.850883,20502128692.850883,20502128692.850883,20502128692.850883,20502128692.850883,20502128692.850883,20502128692.850883,20502128692.850883,20502128692.850883
20163078042.474678,20163078042.474678,20163078042.474678,20163078042.474678,20163078042.474678,20163078042.474678,20163078042.474678,20163078042.474678,20163078042.474678,20163078042.474678
20163078042.474678,20163078042.474678,20163078042.474678,20163078042.474678,20163078042.474678,20163078042.474678,20163078042.474678,20163078042.474678,20163078042.474678,20163078042.474678
19855729222.352905,19855729222.352905,19855729222.352905,19855729222.352905,19855729222.352905,19855729222.352905,19855729222.352905,19855729222.352905,19855729222.352905,19855729222.352905
19855729222.352905,19855729222.352905,19855729222.352905,19855729222.352905,19855729222.352905,19855729222.352905,19855729222.352905,19855729222.352905,19855729222.352905,19855729222.352905
19855729222.352905,19855729222.352905,19855729222.352905,19855729222.352905,19855729222.352905,19855729222.352905,19855729222.352905,19855729222.352905,19855729222.352905,19855729222.352905
19855729222.352905,19855729222.352905,19855729222.352905,19855729222.352905,19855729222.352905,19855729222.352905,19855729222.352905,19855729222.352905,19855729222.352905,19855729222.352905
19503529530.859997,19503529530.859997,19503529530.859997,19503529530.859997,19503529530.859997,19503529530.859997,19503529530.859997,19503529530.859997,19503529530.859997,19503529530.859997
19386606013.77103,19386606013.77103,19386606013.77103,19386606013.77103,19386606013.77103,19386606013.77103,19386606013.77103,19386606013.77103,19386606013.77103,19386606013.77103
19386606013.77103,19386606013.77103,19386606013.77103,19386606013.77103,19386606013.77103,19386606013.77103,19386606013.77103,19386606013.77103,19386606013.77103,19386606013.77103
18787468283.194332,18787468283.194332,18787468283.194332,18787468283.194332,18787468283.194332,18787468283.194332,18787468283.194332,18787468283.194332,18787468283.194332,18787468283.194332
18787468283.194332,18787468283.194332,18787468283.194332,18787468283.194332,18787468283.194332,18787468283.194332,18787468283.194332,18787468283.194332,18787468283.194332,18787468283.194332
18711947321.996563,18711947321.996563,18711947321.996563,18711947321.996563,18711947321.996563,18711947321.996563,18711947321.996563,18711947321.996563,18711947321.996563,18711947321.996563
17567801043.96487,17567801043.96487,17567801043.96487,17567801043.96487,17567801043.96487,17567801043.96487,17567801043.96487,17567801043.96487,17567801043.96487,17567801043.96487
17567801043.96487,17567801043.96487,17567801043.96487,17567801043.96487,17567801043.96487,17567801043.96487,17567801043.96487,17567801043.96487,17567801043.96487,17567801043.96487
17567801043.96487,17567801043.96487,17567801043.96487,17567801043.96487,17567801043.96487,17567801043.96487,17567801043.96487,17567801043.96487,17567801043.96487,17567801043.96487
17429917620.779434,17429917620.779434,17429917620.779434,17429917620.779434,17429917620.779434,17429917620.779434,17429917620.779434,17429917620.779434,17429917620.779434,17429917620.779434
17341000978.577522,17341000978.577522,17341000978.577522,17341000978.577522,17341000978.577522,17341000978.577522,17341000978.577522,17341000978.577522,17341000978.577522,17341000978.577522
17150669423.856756,17150669423.856756,17150669423.856756,17150669423.856756,17150669423.856756,17150669423.856756,17150669423.856756,17150669423.856756,17150669423.856756,17150669423.856756
17150669423.856756,17150669423.856756,17150669423.856756,17150669423.856756,17150669423.856756,17150669423.856756,17150669423.856756,17150669423.856756,17150669423.856756,17150669423.856756
17150669423.856756,17150669423.856756,17150669423.856756,17150669423.856756,17150669423.856756,17150669423.856756,17150669423.856756,17150669423.856756,17150669423.856756,17150669423.856756
17150669423.856756,17150669423.856756,17150669423.856756,17150669423.856756,17150669423.856756,17150669423.856756,17150669423.856756,17150669423.856756,17150669423.856756,17150669423.856756
17150669423.856756,17150669423.856756,17150669423.856756,17150669423.856756,17150669423.856756,17150669423.856756,17150669423.856756,17150669423.856756,17150669423.856756,17150669423.856756
17150669423.856756,17150669423.856756,17150669423.856756,17150669423.856756,17150669423.856756,17150669423.856756,17150669423.856756,17150669423.856756,17150669423.856756,17150669423.856756
16776713517.309195,16776713517.309195,16776713517.309195,16776713517.309195,16776713517.309195,16776713517.309195,16776713517.309195,16776713517.309195,16776713517.309195,16776713517.309195
16776713517.309195,16776713517.309195,16776713517.309195,16776713517.309195,16776713517.309195,16776713517.309195,16776713517.309195,16776713517.309195,16776713517.309195,16776713517.309195
16776713517.309195,16776713517.309195,16776713517.309195,16776713517.309195,16776713517.309195,16776713517.309195,16776713517.309195,16776713517.309195,16776713517.309195,16776713517.309195
16572903480.438522,16572903480.438522,16572903480.438522,16572903480.438522,16572903480.438522,16572903480.438522,16572903480.438522,16572903480.438522,16572903480.438522,16572903480.438522
16572903480.438522,16572903480.438522,16572903480.438522,16572903480.438522,16572903480.438522,16572903480.438522,16572903480.438522,16572903480.438522,16572903480.438522,16572903480.438522
16572903480.438522,16572903480.438522,16572903480.438522,16572903480.438522,16572903480.438522,16572903480.438522,16572903480.438522,16572903480.438522,16572903480.438522,16572903480.438522
15545364011.987305,15545364011.987305,15545364011.987305,15545364011.987305,15545364011.987305,15545364011.987305,15545364011.987305,15545364011.987305,15545364011.987305,15545364011.987305
15545364011.987305,15545364011.987305,15545364011.987305,15545364011.987305,15545364011.987305,15545364011.987305,15545364011.987305,15545364011.987305,15545364011.987305,15545364011.987305
15545364011.987305,15545364011.987305,15545364011.987305,15545364011.987305,15545364011.987305,15545364011.987305,15545364011.987305,15545364011.987305,15545364011.987305,15545364011.987305
15545364011.987305,15545364011.987305,15545364011.987305,15545364011.987305,15545364011.987305,15545364011.987305,15545364011.987305,15545364011.987305,15545364011.987305,15545364011.987305
15545364011.987305,15545364011.987305,15545364011.987305,15545364011.987305,15545364011.987305,15545364011.987305,15545364011.987305,15545364011.987305,15545364011.987305,15545364011.987305
15545364011.987305,15545364011.987305,15545364011.987305,15545364011.987305,15545364011.987305,15545364011.987305,15545364011.987305,15545364011.987305,15545364011.987305,15545364011.987305
15364713032.657661,15364713032.657661,15364713032.657661,15364713032.657661,15364713032.657661,15364713032.657661,15364713032.657661,15364713032.657661,15364713032.657661,15364713032.657661
15364713032.657661,15364713032.657661,15364713032.657661,15364713032.657661,15364713032.657661,15364713032.657661,15364713032.657661,15364713032.657661,15364713032.657661,15364713032.657661
15364713032.657661,15364713032.657661,15364713032.657661,15364713032.657661,15364713032.657661,15364713032.657661,15364713032.657661,15364713032.657661,15364713032.657661,15364713032.657661
15364713032.657661,15364713032.657661,15364713032.657661,15364713032.657661,15364713032.657661,15364713032.657661,15364713032.657661,15364713032.657661,15364713032.657661,15364713032.657661
15364713032.657661,15364713032.657661,15364713032.657661,15364713032.657661,15364713032.657661,15364713032.657661,15364713032.657661,15364713032.657661,15364713032.657661,15364713032.657661
15364713032.657661,15364713032.657661,15364713032.657661,15364713032.657661,15364713032.657661,15364713032.657661,15364713032.657661,15364713032.657661,15364713032.657661,15364713032.657661
15364713032.657661,15364713032.657661,15364713032.657661,15364713032.657661,15364713032.657661,15364713032.657661,15364713032.657661,15364713032.657661,15364713032.657661,15364713032.657661
15364713032.657661,15364713032.657661,15364713032.657661,15364713032.657661,15364713032.657661,15364713032.657661,15364713032.657661,15364713032.657661,15364713032.657661,15364713032.657661
15364713032.657661,15364713032.657661,15364713032.657661,15364713032.657661,15364713032.657661,15364713032.657661,15364713032.657661,15364713032.657661,15364713032.657661,15364713032.657661
15364713032.657661,15364713032.657661,15364713032.657661,15364713032.657661,15364713032.657661,15364713032.657661,15364713032.657661,15364713032.657661,15364713032.657661,15364713032.657661
15364713032.657661,15364713032.657661,15364713032.657661,15364713032.657661,15364713032.657661,15364713032.657661,15364713032.657661,15364713032.657661,15364713032.657661,15364713032.657661
15364713032.657661,15364713032.657661,15364713032.657661,15364713032.657661,15364713032.657661,15364713032.657661,15364713032.657661,15364713032.657661,15364713032.657661,15364713032.657661
15364713032.657661,15364713032.657661,15364713032.657661,15364713032.657661,15364713032.657661,15364713032.657661,15364713032.657661,15364713032.657661,15364713032.657661,15364713032.657661
15364713032.657661,15364713032.657661,15364713032.657661,15364713032.657661,15364713032.657661,15364713032.657661,15364713032.657661,15364713032.657661,15364713032.657661,15364713032.657661
15104371253.77496,15104371253.77496,15104371253.77496,15104371253.77496,15104371253.77496,15104371253.77496,15104371253.77496,15104371253.77496,15104371253.77496,15104371253.77496
14376173317.477041,14376173317.477041,14376173317.477041,14376173317.477041,14376173317.477041,14376173317.477041,14376173317.477041,14376173317.477041,14376173317.477041,14376173317.477041
14376173317.477041,14376173317.477041,14376173317.477041,14376173317.477041,14376173317.477041,14376173317.477041,14376173317.477041,14376173317.477041,14376173317.477041,14376173317.477041
14376173317.477041,14376173317.477041,14376173317.477041,14376173317.477041,14376173317.477041,14376173317.477041,14376173317.477041,14376173317.477041,14376173317.477041,14376173317.477041
14376173317.477041,14376173317.477041,14376173317.477041,14376173317.477041,14376173317.477041,14376173317.477041,14376173317.477041,14376173317.477041,14376173317.477041,14376173317.477041
13938615333.198158,13938615333.198158,13938615333.198158,13938615333.198158,13938615333.198158,13938615333.198158,13938615333.198158,13938615333.198158,13938615333.198158,13938615333.198158
13938615333.198158,13938615333.198158,13938615333.198158,13938615333.198158,13938615333.198158,13938615333.198158,13938615333.198158,13938615333.198158,13938615333.198158,13938615333.198158
13938615333.198158,13938615333.198158,13938615333.198158,13938615333.198158,13938615333.198158,13938615333.198158,13938615333.198158,13938615333.198158,13938615333.198158,13938615333.198158
13938615333.198158,13938615333.198158,13938615333.198158,13938615333.198158,13938615333.198158,13938615333.198158,13938615333.198158,13938615333.198158,13938615333.198158,13938615333.198158
13938615333.198158,13938615333.198158,13938615333.198158,13938615333.198158,13938615333.198158,13938615333.198158,13938615333.198158,13938615333.198158,13938615333.198158,13938615333.198158
13227777098.015322,13227777098.015322,13227777098.015322,13227777098.015322,13227777098.015322,13227777098.015322,13227777098.015322,13227777098.015322,13227777098.015322,13227777098.015322
13227777098.015322,13227777098.015322,13227777098.015322,13227777098.015322,13227777098.015322,13227777098.015322,13227777098.015322,13227777098.015322,13227777098.015322,13227777098.015322
13227777098.015322,13227777098.015322,13227777098.015322,13227777098.015322,13227777098.015322,13227777098.015322,13227777098.015322,13227777098.015322,13227777098.015322,13227777098.015322
13227777098.015322,13227777098.015322,13227777098.015322,13227777098.015322,13227777098.015322,13227777098.015322,13227777098.015322,13227777098.015322,13227777098.015322,13227777098.015322
13227777098.015322,13227777098.015322,13227777098.015322,13227777098.015322,13227777098.015322,13227777098.015322,13227777098.015322,13227777098.015322,13227777098.015322,13227777098.015322
13227777098.015322,13227777098.015322,13227777098.015322,13227777098.015322,13227777098.015322,13227777098.015322,13227777098.015322,13227777098.015322,13227777098.015322,13227777098.015322
13227777098.015322,13227777098.015322,13227777098.015322,13227777098.015322,13227777098.015322,13227777098.015322,13227777098.015322,13227777098.015322,13227777098.015322,13227777098.015322
12670888929.768356,12670888929.768356,12670888929.768356,12670888929.768356,12670888929.768356,12670888929.768356,12670888929.768356,12670888929.768356,12670888929.768356,12670888929.768356
12670888929.768356,12670888929.768356,12670888929.768356,12670888929.768356,12670888929.768356,12670888929.768356,12670888929.768356,12670888929.768356,12670888929.768356,12670888929.768356
12670888929.768356,12670888929.768356,12670888929.768356,12670888929.768356,12670888929.768356,12670888929.768356,12670888929.768356,12670888929.768356,12670888929.768356,12670888929.768356
12670888929.768356,12670888929.768356,12670888929.768356,12670888929.768356,12670888929.768356,12670888929.768356,12670888929.768356,12670888929.768356,12670888929.768356,12670888929.768356
12670888929.768356,12670888929.768356,12670888929.768356,12670888929.768356,12670888929.768356,12670888929.768356,12670888929.768356,12670888929.768356,12670888929.768356,12670888929.768356
12670888929.768356,12670888929.768356,12670888929.768356,12670888929.768356,12670888929.768356,12670888929.768356,12670888929.768356,12670888929.768356,12670888929.768356,12670888929.768356
12494677640.44961,12494677640.44961,12494677640.44961,12494677640.44961,12494677640.44961,12494677640.44961,12494677640.44961,12494677640.44961,12494677640.44961,12494677640.44961
12494677640.44961,12494677640.44961,12494677640.44961,12494677640.44961,12494677640.44961,12494677640.44961,12494677640.44961,12494677640.44961,12494677640.44961,12494677640.44961
12494677640.44961,12494677640.44961,12494677640.44961,12494677640.44961,12494677640.44961,12494677640.44961,12494677640.44961,12494677640.44961,12494677640.44961,12494677640.44961
12250767022.807117,12250767022.807117,12250767022.807117,12250767022.807117,12250767022.807117,12250767022.807117,12250767022.807117,12250767022.807117,12250767022.807117,12250767022.807117
12250767022.807117,12250767022.807117,12250767022.807117,12250767022.807117,12250767022.807117,12250767022.807117,12250767022.807117,12250767022.807117,12250767022.807117,12250767022.807117
12080069982.815361,12080069982.815361,12080069982.815361,12080069982.815361,12080069982.815361,12080069982.815361,12080069982.815361,12080069982.815361,12080069982.815361,12080069982.815361
12080069982.815361,12080069982.815361,12080069982.815361,12080069982.815361,12080069982.815361,12080069982.815361,12080069982.815361,12080069982.815361,12080069982.815361,12080069982.815361
12080069982.815361,12080069982.815361,12080069982.815361,12080069982.815361,12080069982.815361,12080069982.815361,12080069982.815361,12080069982.815361,12080069982.815361,12080069982.815361
12080069982.815361,12080069982.815361,12080069982.815361,12080069982.815361,12080069982.815361,12080069982.815361,12080069982.815361,12080069982.815361,12080069982.815361,12080069982.815361
11984967134.633684,11984967134.633684,11984967134.633684,11984967134.633684,11984967134.633684,11984967134.633684,11984967134.633684,11984967134.633684,11984967134.633684,11984967134.633684
11984967134.633684,11984967134.633684,11984967134.633684,11984967134.633684,11984967134.633684,11984967134.633684,11984967134.633684,11984967134.633684,11984967134.633684,11984967134.633684
11984967134.633684,11984967134.633684,11984967134.633684,11984967134.633684,11984967134.633684,11984967134.633684,11984967134.633684,11984967134.633684,11984967134.633684,11984967134.633684
11984967134.633684,11984967134.633684,11984967134.633684,11984967134.633684,11984967134.633684,11984967134.633684,11984967134.633684,11984967134.633684,11984967134.633684,11984967134.633684
11984967134.633684,11984967134.633684,11984967134.633684,11984967134.633684,11984967134.633684,11984967134.633684,11984967134.633684,11984967134.633684,11984967134.633684,11984967134.633684
11216778405.869778,11216778405.869778,11216778405.869778,11216778405.869778,11216778405.869778,11216778405.869778,11216778405.869778,11216778405.869778,11216778405.869778,11216778405.869778
11216778405.869778,11216778405.869778,11216778405.869778,11216778405.869778,11216778405.869778,11216778405.869778,11216778405.869778,11216778405.869778,11216778405.869778,11216778405.869778
10889208878.416533,10889208878.416533,10889208878.416533,10889208878.416533,10889208878.416533,10889208878.416533,10889208878.416533,10889208878.416533,10889208878.416533,10889208878.416533
10889208878.416533,10889208878.416533,10889208878.416533,10889208878.416533,10889208878.416533,10889208878.416533,10889208878.416533,10889208878.416533,10889208878.416533,10889208878.416533
10046428275.074842,10046428275.074842,10046428275.074842,10046428275.074842,10046428275.074842,10046428275.074842,10046428275.074842,10046428275.074842,10046428275.074842,10046428275.074842
10046428275.074842,10046428275.074842,10046428275.074842,10046428275.074842,10046428275.074842,10046428275.074842,10046428275.074842,10046428275.074842,10046428275.074842,10046428275.074842
10046428275.074842,10046428275.074842,10046428275.074842,10046428275.074842,10046428275.074842,10046428275.074842,10046428275.074842,10046428275.074842,10046428275.074842,10046428275.074842
9887705767.659891,9887705767.659891,9887705767.659891,9887705767.659891,9887705767.659891,9887705767.659891,9887705767.659891,9887705767.659891,9887705767.659891,9887705767.659891
9887705767.659891,9887705767.659891,9887705767.659891,9887705767.659891,9887705767.659891,9887705767.659891,9887705767.659891,9887705767.659891,9887705767.659891,9887705767.659891
9887705767.659891,9887705767.659891,9887705767.659891,9887705767.659891,9887705767.659891,9887705767.659891,9887705767.659891,9887705767.659891,9887705767.659891,9887705767.659891
9751847656.295546,9751847656.295546,9751847656.295546,9751847656.295546,9751847656.295546,9751847656.295546,9751847656.295546,9751847656.295546,9751847656.295546,9751847656.295546
9751847656.295546,9751847656.295546,9751847656.295546,9751847656.295546,9751847656.295546,9751847656.295546,9751847656.295546,9751847656.295546,9751847656.295546,9751847656.295546
9422569945.902048,9422569945.902048,9422569945.902048,9422569945.902048,9422569945.902048,9422569945.902048,9422569945.902048,9422569945.902048,9422569945.902048,9422569945.902048
7842935491.288274,7842935491.288274,7842935491.288274,7842935491.288274,7842935491.288274,7842935491.288274,7842935491.288274,7842935491.288274,7842935491.288274,7842935491.288274
7842935491.288274,7842935491.288274,7842935491.288274,7842935491.288274,7842935491.288274,7842935491.288274,7842935491.288274,7842935491.288274,7842935491.288274,7842935491.288274
7842935491.288274,7842935491.288274,7842935491.288274,7842935491.288274,7842935491.288274,7842935491.288274,7842935491.288274,7842935491.288274,7842935491.288274,7842935491.288274
7780553282.093575,7780553282.093575,7780553282.093575,7780553282.093575,7780553282.093575,7780553282.093575,7780553282.093575,7780553282.093575,7780553282.093575,7780553282.093575
7780553282.093575,7780553282.093575,7780553282.093575,7780553282.093575,7780553282.093575,7780553282.093575,7780553282.093575,7780553282.093575,7780553282.093575,7780553282.093575
7623418034.501003,7623418034.501003,7623418034.501003,7623418034.501003,7623418034.501003,7623418034.501003,7623418034.501003,7623418034.501003,7623418034.501003,7623418034.501003
7623418034.501003,7623418034.501003,7623418034.501003,7623418034.501003,7623418034.501003,7623418034.501003,7623418034.501003,7623418034.501003,7623418034.501003,7623418034.501003
7623418034.501003,7623418034.501003,7623418034.501003,7623418034.501003,7623418034.501003,7623418034.501003,7623418034.501003,7623418034.501003,7623418034.501003,7623418034.501003
7623418034.501003,7623418034.501003,7623418034.501003,7623418034.501003,7623418034.501003,7623418034.501003,7623418034.501003,7623418034.501003,7623418034.501003,7623418034.501003
7623418034.501003,7623418034.501003,7623418034.501003,7623418034.501003,7623418034.501003,7623418034.501003,7623418034.501003,7623418034.501003,7623418034.501003,7623418034.501003
7623418034.501003,7623418034.501003,7623418034.501003,7623418034.501003,7623418034.501003,7623418034.501003,7623418034.501003,7623418034.501003,7623418034.501003,7623418034.501003
7430213835.177581,7430213835.177581,7430213835.177581,7430213835.177581,7430213835.177581,7430213835.177581,7430213835.177581,7430213835.177581,7430213835.177581,7430213835.177581
7124022135.633682,7124022135.633682,7124022135.633682,7124022135.633682,7124022135.633682,7124022135.633682,7124022135.633682,7124022135.633682,7124022135.633682,7124022135.633682
7086124474.266037,7086124474.266037,7086124474.266037,7086124474.266037,7086124474.266037,7086124474.266037,7086124474.266037,7086124474.266037,7086124474.266037,7086124474.266037
7038096371.991025,7038096371.991025,7038096371.991025,7038096371.991025,7038096371.991025,7038096371.991025,7038096371.991025,7038096371.991025,7038096371.991025,7038096371.991025
7038096371.991025,7038096371.991025,7038096371.991025,7038096371.991025,7038096371.991025,7038096371.991025,7038096371.991025,7038096371.991025,7038096371.991025,7038096371.991025
7038096371.991025,7038096371.991025,7038096371.991025,7038096371.991025,7038096371.991025,7038096371.991025,7038096371.991025,7038096371.991025,7038096371.991025,7038096371.991025
7000055075.831949,7000055075.831949,7000055075.831949,7000055075.831949,7000055075.831949,7000055075.831949,7000055075.831949,7000055075.831949,7000055075.831949,7000055075.831949
6951834833.619453,6951834833.619453,6951834833.619453,6951834833.619453,6951834833.619453,6951834833.619453,6951834833.619453,6951834833.619453,6951834833.619453,6951834833.619453
6951834833.619453,6951834833.619453,6951834833.619453,6951834833.619453,6951834833.619453,6951834833.619453,6951834833.619453,6951834833.619453,6951834833.619453,6951834833.619453
6951834833.619453,6951834833.619453,6951834833.619453,6951834833.619453,6951834833.619453,6951834833.619453,6951834833.619453,6951834833.619453,6951834833.619453,6951834833.619453
6951834833.619453,6951834833.619453,6951834833.619453,6951834833.619453,6951834833.619453,6951834833.619453,6951834833.619453,6951834833.619453,6951834833.619453,6951834833.619453
6951834833.619453,6951834833.619453,6951834833.619453,6951834833.619453,6951834833.619453,6951834833.619453,6951834833.619453,6951834833.619453,6951834833.619453,6951834833.619453
6951834833.619453,6951834833.619453,6951834833.619453,6951834833.619453,6951834833.619453,6951834833.619453,6951834833.619453,6951834833.619453,6951834833.619453,6951834833.619453
6951834833.619453,6951834833.619453,6951834833.619453,6951834833.619453,6951834833.619453,6951834833.619453,6951834833.619453,6951834833.619453,6951834833.619453,6951834833.619453
6951834833.619453,6951834833.619453,6951834833.619453,6951834833.619453,6951834833.619453,6951834833.619453,6951834833.619453,6951834833.619453,6951834833.619453,6951834833.619453
6951834833.619453,6951834833.619453,6951834833.619453,6951834833.619453,6951834833.619453,6951834833.619453,6951834833.619453,6951834833.619453,6951834833.619453,6951834833.619453
6902553116.425882,6902553116.425882,6902553116.425882,6902553116.425882,6902553116.425882,6902553116.425882,6902553116.425882,6902553116.425882,6902553116.425882,6902553116.425882
6902553116.425882,6902553116.425882,6902553116.425882,6902553116.425882,6902553116.425882,6902553116.425882,6902553116.425882,6902553116.425882,6902553116.425882,6902553116.425882
6902553116.425882,6902553116.425882,6902553116.425882,6902553116.425882,6902553116.425882,6902553116.425882,6902553116.425882,6902553116.425882,6902553116.425882,6902553116.425882
6902553116.425882,6902553116.425882,6902553116.425882,6902553116.425882,6902553116.425882,6902553116.425882,6902553116.425882,6902553116.425882,6902553116.425882,6902553116.425882
6902553116.425882,6902553116.425882,6902553116.425882,6902553116.425882,6902553116.425882,6902553116.425882,6902553116.425882,6902553116.425882,6902553116.425882,6902553116.425882
6902553116.425882,6902553116.425882,6902553116.425882,6902553116.425882,6902553116.425882,6902553116.425882,6902553116.425882,6902553116.425882,6902553116.425882,6902553116.425882
6883476189.175334,6883476189.175334,6883476189.175334,6883476189.175334,6883476189.175334,6883476189.175334,6883476189.175334,6883476189.175334,6883476189.175334,6883476189.175334
6883476189.175334,6883476189.175334,6883476189.175334,6883476189.175334,6883476189.175334,6883476189.175334,6883476189.175334,6883476189.175334,6883476189.175334,6883476189.175334
6822698657.440412,6822698657.440412,6822698657.440412,6822698657.440412,6822698657.440412,6822698657.440412,6822698657.440412,6822698657.440412,6822698657.440412,6822698657.440412
6813289300.115492,6813289300.115492,6813289300.115492,6813289300.115492,6813289300.115492,6813289300.115492,6813289300.115492,6813289300.115492,6813289300.115492,6813289300.115492
6780044971.89167,6780044971.89167,6780044971.89167,6780044971.89167,6780044971.89167,6780044971.89167,6780044971.89167,6780044971.89167,6780044971.89167,6780044971.89167
6780044971.89167,6780044971.89167,6780044971.89167,6780044971.89167,6780044971.89167,6780044971.89167,6780044971.89167,6780044971.89167,6780044971.89167,6780044971.89167
6780044971.89167,6780044971.89167,6780044971.89167,6780044971.89167,6780044971.89167,6780044971.89167,6780044971.89167,6780044971.89167,6780044971.89167,6780044971.89167
6780044971.89167,6780044971.89167,6780044971.89167,6780044971.89167,6780044971.89167,6780044971.89167,6780044971.89167,6780044971.89167,6780044971.89167,6780044971.89167
6780044971.89167,6780044971.89167,6780044971.89167,6780044971.89167,6780044971.89167,6780044971.89167,6780044971.89167,6780044971.89167,6780044971.89167,6780044971.89167
6780044971.89167,6780044971.89167,6780044971.89167,6780044971.89167,6780044971.89167,6780044971.89167,6780044971.89167,6780044971.89167,6780044971.89167,6780044971.89167
6780044971.89167,6780044971.89167,6780044971.89167,6780044971.89167,6780044971.89167,6780044971.89167,6780044971.89167,6780044971.89167,6780044971.89167,6780044971.89167
6780044971.89167,6780044971.89167,6780044971.89167,6780044971.89167,6780044971.89167,6780044971.89167,6780044971.89167,6780044971.89167,6780044971.89167,6780044971.89167
6780044971.89167,6780044971.89167,6780044971.89167,6780044971.89167,6780044971.89167,6780044971.89167,6780044971.89167,6780044971.89167,6780044971.89167,6780044971.89167
6780044971.89167,6780044971.89167,6780044971.89167,6780044971.89167,6780044971.89167,6780044971.89167,6780044971.89167,6780044971.89167,6780044971.89167,6780044971.89167
6760638486.919665,6760638486.919665,6760638486.919665,6760638486.919665,6760638486.919665,6760638486.919665,6760638486.919665,6760638486.919665,6760638486.919665,6760638486.919665
6760638486.919665,6760638486.919665,6760638486.919665,6760638486.919665,6760638486.919665,6760638486.919665,6760638486.919665,6760638486.919665,6760638486.919665,6760638486.919665
6659979854.823082,6659979854.823082,6659979854.823082,6659979854.823082,6659979854.823082,6659979854.823082,6659979854.823082,6659979854.823082,6659979854.823082,6659979854.823082
6337922904.968594,6337922904.968594,6337922904.968594,6337922904.968594,6337922904.968594,6337922904.968594,6337922904.968594,6337922904.968594,6337922904.968594,6337922904.968594
6337922904.968594,6337922904.968594,6337922904.968594,6337922904.968594,6337922904.968594,6337922904.968594,6337922904.968594,6337922904.968594,6337922904.968594,6337922904.968594
6337922904.968594,6337922904.968594,6337922904.968594,6337922904.968594,6337922904.968594,6337922904.968594,6337922904.968594,6337922904.968594,6337922904.968594,6337922904.968594
6337922904.968594,6337922904.968594,6337922904.968594,6337922904.968594,6337922904.968594,6337922904.968594,6337922904.968594,6337922904.968594,6337922904.968594,6337922904.968594
6329081978.80655,6329081978.80655,6329081978.80655,6329081978.80655,6329081978.80655,6329081978.80655,6329081978.80655,6329081978.80655,6329081978.80655,6329081978.80655
6321514641.7379265,6321514641.7379265,6321514641.7379265,6321514641.7379265,6321514641.7379265,6321514641.7379265,6321514641.7379265,6321514641.7379265,6321514641.7379265,6321514641.7379265
6213444220.654914,6213444220.654914,6213444220.654914,6213444220.654914,6213444220.654914,6213444220.654914,6213444220.654914,6213444220.654914,6213444220.654914,6213444220.654914
6213444220.654914,6213444220.654914,6213444220.654914,6213444220.654914,6213444220.654914,6213444220.654914,6213444220.654914,6213444220.654914,6213444220.654914,6213444220.654914
6209812143.705342,6209812143.705342,6209812143.705342,6209812143.705342,6209812143.705342,6209812143.705342,6209812143.705342,6209812143.705342,6209812143.705342,6209812143.705342
6209812143.705342,6209812143.705342,6209812143.705342,6209812143.705342,6209812143.705342,6209812143.705342,6209812143.705342,6209812143.705342,6209812143.705342,6209812143.705342
6209812143.705342,6209812143.705342,6209812143.705342,6209812143.705342,6209812143.705342,6209812143.705342,6209812143.705342,6209812143.705342,6209812143.705342,6209812143.705342
6209812143.705342,6209812143.705342,6209812143.705342,6209812143.705342,6209812143.705342,6209812143.705342,6209812143.705342,6209812143.705342,6209812143.705342,6209812143.705342
6209812143.705342,6209812143.705342,6209812143.705342,6209812143.705342,6209812143.705342,6209812143.705342,6209812143.705342,6209812143.705342,6209812143.705342,6209812143.705342
6209812143.705342,6209812143.705342,6209812143.705342,6209812143.705342,6209812143.705342,6209812143.705342,6209812143.705342,6209812143.705342,6209812143.705342,6209812143.705342
6142817292.691347,6142817292.691347,6142817292.691347,6142817292.691347,6142817292.691347,6142817292.691347,6142817292.691347,6142817292.691347,6142817292.691347,6142817292.691347
6142817292.691347,6142817292.691347,6142817292.691347,6142817292.691347,6142817292.691347,6142817292.691347,6142817292.691347,6142817292.691347,6142817292.691347,6142817292.691347
6142817292.691347,6142817292.691347,6142817292.691347,6142817292.691347,6142817292.691347,6142817292.691347,6142817292.691347,6142817292.691347,6142817292.691347,6142817292.691347
6142817292.691347,6142817292.691347,6142817292.691347,6142817292.691347,6142817292.691347,6142817292.691347,6142817292.691347,6142817292.691347,6142817292.691347,6142817292.691347
6142817292.691347,6142817292.691347,6142817292.691347,6142817292.691347,6142817292.691347,6142817292.691347,6142817292.691347,6142817292.691347,6142817292.691347,6142817292.691347
6142817292.691347,6142817292.691347,6142817292.691347,6142817292.691347,6142817292.691347,6142817292.691347,6142817292.691347,6142817292.691347,6142817292.691347,6142817292.691347
6142817292.691347,6142817292.691347,6142817292.691347,6142817292.691347,6142817292.691347,6142817292.691347,6142817292.691347,6142817292.691347,6142817292.691347,6142817292.691347
6142817292.691347,6142817292.691347,6142817292.691347,6142817292.691347,6142817292.691347,6142817292.691347,6142817292.691347,6142817292.691347,6142817292.691347,6142817292.691347
6142817292.691347,6142817292.691347,6142817292.691347,6142817292.691347,6142817292.691347,6142817292.691347,6142817292.691347,6142817292.691347,6142817292.691347,6142817292.691347
6142817292.691347,6142817292.691347,6142817292.691347,6142817292.691347,6142817292.691347,6142817292.691347,6142817292.691347,6142817292.691347,6142817292.691347,6142817292.691347
6142817292.691347,6142817292.691347,6142817292.691347,6142817292.691347,6142817292.691347,6142817292.691347,6142817292.691347,6142817292.691347,6142817292.691347,6142817292.691347
6142817292.691347,6142817292.691347,6142817292.691347,6142817292.691347,6142817292.691347,6142817292.691347,6142817292.691347,6142817292.691347,6142817292.691347,6142817292.691347
6142817292.691347,6142817292.691347,6142817292.691347,6142817292.691347,6142817292.691347,6142817292.691347,6142817292.691347,6142817292.691347,6142817292.691347,6142817292.691347
6039365725.273229,6039365725.273229,6039365725.273229,6039365725.273229,6039365725.273229,6039365725.273229,6039365725.273229,6039365725.273229,6039365725.273229,6039365725.273229
5798399335.663592,5798399335.663592,5798399335.663592,5798399335.663592,5798399335.663592,5798399335.663592,5798399335.663592,5798399335.663592,5798399335.663592,5798399335.663592
5798399335.663592,5798399335.663592,5798399335.663592,5798399335.663592,5798399335.663592,5798399335.663592,5798399335.663592,5798399335.663592,5798399335.663592,5798399335.663592
5798399335.663592,5798399335.663592,5798399335.663592,5798399335.663592,5798399335.663592,5798399335.663592,5798399335.663592,5798399335.663592,5798399335.663592,5798399335.663592
5798399335.663592,5798399335.663592,5798399335.663592,5798399335.663592,5798399335.663592,5798399335.663592,5798399335.663592,5798399335.663592,5798399335.663592,5798399335.663592
5782852110.4778805,5782852110.4778805,5782852110.4778805,5782852110.4778805,5782852110.4778805,5782852110.4778805,5782852110.4778805,5782852110.4778805,5782852110.4778805,5782852110.4778805
5633300367.289084,5633300367.289084,5633300367.289084,5633300367.289084,5633300367.289084,5633300367.289084,5633300367.289084,5633300367.289084,5633300367.289084,5633300367.289084
5500927555.6913,5500927555.6913,5500927555.6913,5500927555.6913,5500927555.6913,5500927555.6913,5500927555.6913,5500927555.6913,5500927555.6913,5500927555.6913
5500927555.6913,5500927555.6913,5500927555.6913,5500927555.6913,5500927555.6913,5500927555.6913,5500927555.6913,5500927555.6913,5500927555.6913,5500927555.6913
5500927555.6913,5500927555.6913,5500927555.6913,5500927555.6913,5500927555.6913,5500927555.6913,5500927555.6913,5500927555.6913,5500927555.6913,5500927555.6913
5467720906.6697235,5467720906.6697235,5467720906.6697235,5467720906.6697235,5467720906.6697235,5467720906.6697235,5467720906.6697235,5467720906.6697235,5467720906.6697235,5467720906.6697235
5467720906.6697235,5467720906.6697235,5467720906.6697235,5467720906.6697235,5467720906.6697235,5467720906.6697235,5467720906.6697235,5467720906.6697235,5467720906.6697235,5467720906.6697235
5467720906.6697235,5467720906.6697235,5467720906.6697235,5467720906.6697235,5467720906.6697235,5467720906.6697235,5467720906.6697235,5467720906.6697235,5467720906.6697235,5467720906.6697235
5467720906.6697235,5467720906.6697235,5467720906.6697235,5467720906.6697235,5467720906.6697235,5467720906.6697235,5467720906.6697235,5467720906.6697235,5467720906.6697235,5467720906.6697235
5467720906.6697235,5467720906.6697235,5467720906.6697235,5467720906.6697235,5467720906.6697235,5467720906.6697235,5467720906.6697235,5467720906.6697235,5467720906.6697235,5467720906.6697235
5467720906.6697235,5467720906.6697235,5467720906.6697235,5467720906.6697235,5467720906.6697235,5467720906.6697235,5467720906.6697235,5467720906.6697235,5467720906.6697235,5467720906.6697235
5467720906.6697235,5467720906.6697235,5467720906.6697235,5467720906.6697235,5467720906.6697235,5467720906.6697235,5467720906.6697235,5467720906.6697235,5467720906.6697235,5467720906.6697235
5403740945.718174,5403740945.718174,5403740945.718174,5403740945.718174,5403740945.718174,5403740945.718174,5403740945.718174,5403740945.718174,5403740945.718174,5403740945.718174
5403740945.718174,5403740945.718174,5403740945.718174,5403740945.718174,5403740945.718174,5403740945.718174,5403740945.718174,5403740945.718174,5403740945.718174,5403740945.718174
5340723869.343734,5340723869.343734,5340723869.343734,5340723869.343734,5340723869.343734,5340723869.343734,5340723869.343734,5340723869.343734,5340723869.343734,5340723869.343734
5340723869.343734,5340723869.343734,5340723869.343734,5340723869.343734,5340723869.343734,5340723869.343734,5340723869.343734,5340723869.343734,5340723869.343734,5340723869.343734
5276909828.344643,5276909828.344643,5276909828.344643,5276909828.344643,5276909828.344643,5276909828.344643,5276909828.344643,5276909828.344643,5276909828.344643,5276909828.344643
5276909828.344643,5276909828.344643,5276909828.344643,5276909828.344643,5276909828.344643,5276909828.344643,5276909828.344643,5276909828.344643,5276909828.344643,5276909828.344643
5276909828.344643,5276909828.344643,5276909828.344643,5276909828.344643,5276909828.344643,5276909828.344643,5276909828.344643,5276909828.344643,5276909828.344643,5276909828.344643
5276909828.344643,5276909828.344643,5276909828.344643,5276909828.344643,5276909828.344643,5276909828.344643,5276909828.344643,5276909828.344643,5276909828.344643,5276909828.344643
5276909828.344643,5276909828.344643,5276909828.344643,5276909828.344643,5276909828.344643,5276909828.344643,5276909828.344643,5276909828.344643,5276909828.344643,5276909828.344643
5276909828.344643,5276909828.344643,5276909828.344643,5276909828.344643,5276909828.344643,5276909828.344643,5276909828.344643,5276909828.344643,5276909828.344643,5276909828.344643
5276909828.344643,5276909828.344643,5276909828.344643,5276909828.344643,5276909828.344643,5276909828.344643,5276909828.344643,5276909828.344643,5276909828.344643,5276909828.344643
5276909828.344643,5276909828.344643,5276909828.344643,5276909828.344643,5276909828.344643,5276909828.344643,5276909828.344643,5276909828.344643,5276909828.344643,5276909828.344643
5276909828.344643,5276909828.344643,5276909828.344643,5276909828.344643,5276909828.344643,5276909828.344643,5276909828.344643,5276909828.344643,5276909828.344643,5276909828.344643
5276909828.344643,5276909828.344643,5276909828.344643,5276909828.344643,5276909828.344643,5276909828.344643,5276909828.344643,5276909828.344643,5276909828.344643,5276909828.344643
5276909828.344643,5276909828.344643,5276909828.344643,5276909828.344643,5276909828.344643,5276909828.344643,5276909828.344643,5276909828.344643,5276909828.344643,5276909828.344643
5276909828.344643,5276909828.344643,5276909828.344643,5276909828.344643,5276909828.344643,5276909828.344643,5276909828.344643,5276909828.344643,5276909828.344643,5276909828.344643
5276909828.344643,5276909828.344643,5276909828.344643,5276909828.344643,5276909828.344643,5276909828.344643,5276909828.344643,5276909828.344643,5276909828.344643,5276909828.344643
5276909828.344643,5276909828.344643,5276909828.344643,5276909828.344643,5276909828.344643,5276909828.344643,5276909828.344643,5276909828.344643,5276909828.344643,5276909828.344643
5276909828.344643,5276909828.344643,5276909828.344643,5276909828.344643,5276909828.344643,5276909828.344643,5276909828.344643,5276909828.344643,5276909828.344643,5276909828.344643
5276909828.344643,5276909828.344643,5276909828.344643,5276909828.344643,5276909828.344643,5276909828.344643,5276909828.344643,5276909828.344643,5276909828.344643,5276909828.344643
5275314117.121099,5275314117.121099,5275314117.121099,5275314117.121099,5275314117.121099,5275314117.121099,5275314117.121099,5275314117.121099,5275314117.121099,5275314117.121099
5275314117.121099,5275314117.121099,5275314117.121099,5275314117.121099,5275314117.121099,5275314117.121099,5275314117.121099,5275314117.121099,5275314117.121099,5275314117.121099
5275314117.121099,5275314117.121099,5275314117.121099,5275314117.121099,5275314117.121099,5275314117.121099,5275314117.121099,5275314117.121099,5275314117.121099,5275314117.121099
5231670432.906794,5231670432.906794,5231670432.906794,5231670432.906794,5231670432.906794,5231670432.906794,5231670432.906794,5231670432.906794,5231670432.906794,5231670432.906794
5231670432.906794,5231670432.906794,5231670432.906794,5231670432.906794,5231670432.906794,5231670432.906794,5231670432.906794,5231670432.906794,5231670432.906794,5231670432.906794
4755107509.71569,4755107509.71569,4755107509.71569,4755107509.71569,4755107509.71569,4755107509.71569,4755107509.71569,4755107509.71569,4755107509.71569,4755107509.71569
4755107509.71569,4755107509.71569,4755107509.71569,4755107509.71569,4755107509.71569,4755107509.71569,4755107509.71569,4755107509.71569,4755107509.71569,4755107509.71569
4755107509.71569,4755107509.71569,4755107509.71569,4755107509.71569,4755107509.71569,4755107509.71569,4755107509.71569,4755107509.71569,4755107509.71569,4755107509.71569
4755107509.71569,4755107509.71569,4755107509.71569,4755107509.71569,4755107509.71569,4755107509.71569,4755107509.71569,4755107509.71569,4755107509.71569,4755107509.71569
4716922224.914368,4716922224.914368,4716922224.914368,4716922224.914368,4716922224.914368,4716922224.914368,4716922224.914368,4716922224.914368,4716922224.914368,4716922224.914368
4543513652.797948,4543513652.797948,4543513652.797948,4543513652.797948,4543513652.797948,4543513652.797948,4543513652.797948,4543513652.797948,4543513652.797948,4543513652.797948
4543513652.797948,4543513652.797948,4543513652.797948,4543513652.797948,4543513652.797948,4543513652.797948,4543513652.797948,4543513652.797948,4543513652.797948,4543513652.797948
4543513652.797948,4543513652.797948,4543513652.797948,4543513652.797948,4543513652.797948,4543513652.797948,4543513652.797948,4543513652.797948,4543513652.797948,4543513652.797948
4543513652.797948,4543513652.797948,4543513652.797948,4543513652.797948,4543513652.797948,4543513652.797948,4543513652.797948,4543513652.797948,4543513652.797948,4543513652.797948
4543513652.797948,4543513652.797948,4543513652.797948,4543513652.797948,4543513652.797948,4543513652.797948,4543513652.797948,4543513652.797948,4543513652.797948,4543513652.797948
4514572046.050315,4514572046.050315,4514572046.050315,4514572046.050315,4514572046.050315,4514572046.050315,4514572046.050315,4514572046.050315,4514572046.050315,4514572046.050315
4514572046.050315,4514572046.050315,4514572046.050315,4514572046.050315,4514572046.050315,4514572046.050315,4514572046.050315,4514572046.050315,4514572046.050315,4514572046.050315
4514572046.050315,4514572046.050315,4514572046.050315,4514572046.050315,4514572046.050315,4514572046.050315,4514572046.050315,4514572046.050315,4514572046.050315,4514572046.050315
4514572046.050315,4514572046.050315,4514572046.050315,4514572046.050315,4514572046.050315,4514572046.050315,4514572046.050315,4514572046.050315,4514572046.050315,4514572046.050315
4514572046.050315,4514572046.050315,4514572046.050315,4514572046.050315,4514572046.050315,4514572046.050315,4514572046.050315,4514572046.050315,4514572046.050315,4514572046.050315
4514572046.050315,4514572046.050315,4514572046.050315,4514572046.050315,4514572046.050315,4514572046.050315,4514572046.050315,4514572046.050315,4514572046.050315,4514572046.050315
4514572046.050315,4514572046.050315,4514572046.050315,4514572046.050315,4514572046.050315,4514572046.050315,4514572046.050315,4514572046.050315,4514572046.050315,4514572046.050315
4514572046.050315,4514572046.050315,4514572046.050315,4514572046.050315,4514572046.050315,4514572046.050315,4514572046.050315,4514572046.050315,4514572046.050315,4514572046.050315
4514572046.050315,4514572046.050315,4514572046.050315,4514572046.050315,4514572046.050315,4514572046.050315,4514572046.050315,4514572046.050315,4514572046.050315,4514572046.050315
4514572046.050315,4514572046.050315,4514572046.050315,4514572046.050315,4514572046.050315,4514572046.050315,4514572046.050315,4514572046.050315,4514572046.050315,4514572046.050315
4514572046.050315,4514572046.050315,4514572046.050315,4514572046.050315,4514572046.050315,4514572046.050315,4514572046.050315,4514572046.050315,4514572046.050315,4514572046.050315
4514572046.050315,4514572046.050315,4514572046.050315,4514572046.050315,4514572046.050315,4514572046.050315,4514572046.050315,4514572046.050315,4514572046.050315,4514572046.050315
4514572046.050315,4514572046.050315,4514572046.050315,4514572046.050315,4514572046.050315,4514572046.050315,4514572046.050315,4514572046.050315,4514572046.050315,4514572046.050315
4514572046.050315,4514572046.050315,4514572046.050315,4514572046.050315,4514572046.050315,4514572046.050315,4514572046.050315,4514572046.050315,4514572046.050315,4514572046.050315
4514572046.050315,4514572046.050315,4514572046.050315,4514572046.050315,4514572046.050315,4514572046.050315,4514572046.050315,4514572046.050315,4514572046.050315,4514572046.050315
4514572046.050315,4514572046.050315,4514572046.050315,4514572046.050315,4514572046.050315,4514572046.050315,4514572046.050315,4514572046.050315,4514572046.050315,4514572046.050315
4494582456.022144,4494582456.022144,4494582456.022144,4494582456.022144,4494582456.022144,4494582456.022144,4494582456.022144,4494582456.022144,4494582456.022144,4494582456.022144
4481935783.585731,4481935783.585731,4481935783.585731,4481935783.585731,4481935783.585731,4481935783.585731,4481935783.585731,4481935783.585731,4481935783.585731,4481935783.585731
4362768377.839799,4362768377.839799,4362768377.839799,4362768377.839799,4362768377.839799,4362768377.839799,4362768377.839799,4362768377.839799,4362768377.839799,4362768377.839799
4234670534.918025,4234670534.918025,4234670534.918025,4234670534.918025,4234670534.918025,4234670534.918025,4234670534.918025,4234670534.918025,4234670534.918025,4234670534.918025
4234670534.918025,4234670534.918025,4234670534.918025,4234670534.918025,4234670534.918025,4234670534.918025,4234670534.918025,4234670534.918025,4234670534.918025,4234670534.918025
4234670534.918025,4234670534.918025,4234670534.918025,4234670534.918025,4234670534.918025,4234670534.918025,4234670534.918025,4234670534.918025,4234670534.918025,4234670534.918025
4234670534.918025,4234670534.918025,4234670534.918025,4234670534.918025,4234670534.918025,4234670534.918025,4234670534.918025,4234670534.918025,4234670534.918025,4234670534.918025
4234670534.918025,4234670534.918025,4234670534.918025,4234670534.918025,4234670534.918025,4234670534.918025,4234670534.918025,4234670534.918025,4234670534.918025,4234670534.918025
4216917483.7588735,4216917483.7588735,4216917483.7588735,4216917483.7588735,4216917483.7588735,4216917483.7588735,4216917483.7588735,4216917483.7588735,4216917483.7588735,4216917483.7588735
4216917483.7588735,4216917483.7588735,4216917483.7588735,4216917483.7588735,4216917483.7588735,4216917483.7588735,4216917483.7588735,4216917483.7588735,4216917483.7588735,4216917483.7588735
4216917483.7588735,4216917483.7588735,4216917483.7588735,4216917483.7588735,4216917483.7588735,4216917483.7588735,4216917483.7588735,4216917483.7588735,4216917483.7588735,4216917483.7588735
4154270579.205818,4154270579.205818,4154270579.205818,4154270579.205818,4154270579.205818,4154270579.205818,4154270579.205818,4154270579.205818,4154270579.205818,4154270579.205818
4154270579.205818,4154270579.205818,4154270579.205818,4154270579.205818,4154270579.205818,4154270579.205818,4154270579.205818,4154270579.205818,4154270579.205818,4154270579.205818
4154270579.205818,4154270579.205818,4154270579.205818,4154270579.205818,4154270579.205818,4154270579.205818,4154270579.205818,4154270579.205818,4154270579.205818,4154270579.205818
4154270579.205818,4154270579.205818,4154270579.205818,4154270579.205818,4154270579.205818,4154270579.205818,4154270579.205818,4154270579.205818,4154270579.205818,4154270579.205818
4154270579.205818,4154270579.205818,4154270579.205818,4154270579.205818,4154270579.205818,4154270579.205818,4154270579.205818,4154270579.205818,4154270579.205818,4154270579.205818
4154270579.205818,4154270579.205818,4154270579.205818,4154270579.205818,4154270579.205818,4154270579.205818,4154270579.205818,4154270579.205818,4154270579.205818,4154270579.205818
4154270579.205818,4154270579.205818,4154270579.205818,4154270579.205818,4154270579.205818,4154270579.205818,4154270579.205818,4154270579.205818,4154270579.205818,4154270579.205818
4154270579.205818,4154270579.205818,4154270579.205818,4154270579.205818,4154270579.205818,4154270579.205818,4154270579.205818,4154270579.205818,4154270579.205818,4154270579.205818
4154270579.205818,4154270579.205818,4154270579.205818,4154270579.205818,4154270579.205818,4154270579.205818,4154270579.205818,4154270579.205818,4154270579.205818,4154270579.205818
4154270579.205818,4154270579.205818,4154270579.205818,4154270579.205818,4154270579.205818,4154270579.205818,4154270579.205818,4154270579.205818,4154270579.205818,4154270579.205818
4154270579.205818,4154270579.205818,4154270579.205818,4154270579.205818,4154270579.205818,4154270579.205818,4154270579.205818,4154270579.205818,4154270579.205818,4154270579.205818
4154270579.205818,4154270579.205818,4154270579.205818,4154270579.205818,4154270579.205818,4154270579.205818,4154270579.205818,4154270579.205818,4154270579.205818,4154270579.205818
4154270579.205818,4154270579.205818,4154270579.205818,4154270579.205818,4154270579.205818,4154270579.205818,4154270579.205818,4154270579.205818,4154270579.205818,4154270579.205818
4154270579.205818,4154270579.205818,4154270579.205818,4154270579.205818,4154270579.205818,4154270579.205818,4154270579.205818,4154270579.205818,4154270579.205818,4154270579.205818
4154270579.205818,4154270579.205818,4154270579.205818,4154270579.205818,4154270579.205818,4154270579.205818,4154270579.205818,4154270579.205818,4154270579.205818,4154270579.205818
4154270579.205818,4154270579.205818,4154270579.205818,4154270579.205818,4154270579.205818,4154270579.205818,4154270579.205818,4154270579.205818,4154270579.205818,4154270579.205818
4129780632.1127176,4129780632.1127176,4129780632.1127176,4129780632.1127176,4129780632.1127176,4129780632.1127176,4129780632.1127176,4129780632.1127176,4129780632.1127176,4129780632.1127176
4129780632.1127176,4129780632.1127176,4129780632.1127176,4129780632.1127176,4129780632.1127176,4129780632.1127176,4129780632.1127176,4129780632.1127176,4129780632.1127176,4129780632.1127176
4129780632.1127176,4129780632.1127176,4129780632.1127176,4129780632.1127176,4129780632.1127176,4129780632.1127176,4129780632.1127176,4129780632.1127176,4129780632.1127176,4129780632.1127176
4085456535.267779,4085456535.267779,4085456535.267779,4085456535.267779,4085456535.267779,4085456535.267779,4085456535.267779,4085456535.267779,4085456535.267779,4085456535.267779
4085456535.267779,4085456535.267779,4085456535.267779,4085456535.267779,4085456535.267779,4085456535.267779,4085456535.267779,4085456535.267779,4085456535.267779,4085456535.267779
4085456535.267779,4085456535.267779,4085456535.267779,4085456535.267779,4085456535.267779,4085456535.267779,4085456535.267779,4085456535.267779,4085456535.267779,4085456535.267779
4085456535.267779,4085456535.267779,4085456535.267779,4085456535.267779,4085456535.267779,4085456535.267779,4085456535.267779,4085456535.267779,4085456535.267779,4085456535.267779
4085456535.267779,4085456535.267779,4085456535.267779,4085456535.267779,4085456535.267779,4085456535.267779,4085456535.267779,4085456535.267779,4085456535.267779,4085456535.267779
4085456535.267779,4085456535.267779,4085456535.267779,4085456535.267779,4085456535.267779,4085456535.267779,4085456535.267779,4085456535.267779,4085456535.267779,4085456535.267779
4085456535.267779,4085456535.267779,4085456535.267779,4085456535.267779,4085456535.267779,4085456535.267779,4085456535.267779,4085456535.267779,4085456535.267779,4085456535.267779
4085456535.267779,4085456535.267779,4085456535.267779,4085456535.267779,4085456535.267779,4085456535.267779,4085456535.267779,4085456535.267779,4085456535.267779,4085456535.267779
4085456535.267779,4085456535.267779,4085456535.267779,4085456535.267779,4085456535.267779,4085456535.267779,4085456535.267779,4085456535.267779,4085456535.267779,4085456535.267779
4085456535.267779,4085456535.267779,4085456535.267779,4085456535.267779,4085456535.267779,4085456535.267779,4085456535.267779,4085456535.267779,4085456535.267779,4085456535.267779
4085456535.267779,4085456535.267779,4085456535.267779,4085456535.267779,4085456535.267779,4085456535.267779,4085456535.267779,4085456535.267779,4085456535.267779,4085456535.267779
4085456535.267779,4085456535.267779,4085456535.267779,4085456535.267779,4085456535.267779,4085456535.267779,4085456535.267779,4085456535.267779,4085456535.267779,4085456535.267779
4085456535.267779,4085456535.267779,4085456535.267779,4085456535.267779,4085456535.267779,4085456535.267779,4085456535.267779,4085456535.267779,4085456535.267779,4085456535.267779
4085456535.267779,4085456535.267779,4085456535.267779,4085456535.267779,4085456535.267779,4085456535.267779,4085456535.267779,4085456535.267779,4085456535.267779,4085456535.267779
4085456535.267779,4085456535.267779,4085456535.267779,4085456535.267779,4085456535.267779,4085456535.267779,4085456535.267779,4085456535.267779,4085456535.267779,4085456535.267779
4085456535.267779,4085456535.267779,4085456535.267779,4085456535.267779,4085456535.267779,4085456535.267779,4085456535.267779,4085456535.267779,4085456535.267779,4085456535.267779
4085456535.267779,4085456535.267779,4085456535.267779,4085456535.267779,4085456535.267779,4085456535.267779,4085456535.267779,4085456535.267779,4085456535.267779,4085456535.267779
4085456535.267779,4085456535.267779,4085456535.267779,4085456535.267779,4085456535.267779,4085456535.267779,4085456535.267779,4085456535.267779,4085456535.267779,4085456535.267779
4085456535.267779,4085456535.267779,4085456535.267779,4085456535.267779,4085456535.267779,4085456535.267779,4085456535.267779,4085456535.267779,4085456535.267779,4085456535.267779
4085456535.267779,4085456535.267779,4085456535.267779,4085456535.267779,4085456535.267779,4085456535.267779,4085456535.267779,4085456535.267779,4085456535.267779,4085456535.267779
4085456535.267779,4085456535.267779,4085456535.267779,4085456535.267779,4085456535.267779,4085456535.267779,4085456535.267779,4085456535.267779,4085456535.267779,4085456535.267779
4085456535.267779,4085456535.267779,4085456535.267779,4085456535.267779,4085456535.267779,4085456535.267779,4085456535.267779,4085456535.267779,4085456535.267779,4085456535.267779
4085456535.267779,4085456535.267779,4085456535.267779,4085456535.267779,4085456535.267779,4085456535.267779,4085456535.267779,4085456535.267779,4085456535.267779,4085456535.267779
4085456535.267779,4085456535.267779,4085456535.267779,4085456535.267779,4085456535.267779,4085456535.267779,4085456535.267779,4085456535.267779,4085456535.267779,4085456535.267779
4085456535.267779,4085456535.267779,4085456535.267779,4085456535.267779,4085456535.267779,4085456535.267779,4085456535.267779,4085456535.267779,4085456535.267779,4085456535.267779
4085456535.267779,4085456535.267779,4085456535.267779,4085456535.267779,4085456535.267779,4085456535.267779,4085456535.267779,4085456535.267779,4085456535.267779,4085456535.267779
4085456535.267779,4085456535.267779,4085456535.267779,4085456535.267779,4085456535.267779,4085456535.267779,4085456535.267779,4085456535.267779,4085456535.267779,4085456535.267779
4085456535.267779,4085456535.267779,4085456535.267779,4085456535.267779,4085456535.267779,4085456535.267779,4085456535.267779,4085456535.267779,4085456535.267779,4085456535.267779
4085456535.267779,4085456535.267779,4085456535.267779,4085456535.267779,4085456535.267779,4085456535.267779,4085456535.267779,4085456535.267779,4085456535.267779,4085456535.267779
4085456535.267779,4085456535.267779,4085456535.267779,4085456535.267779,4085456535.267779,4085456535.267779,4085456535.267779,4085456535.267779,4085456535.267779,4085456535.267779
4085456535.267779,4085456535.267779,4085456535.267779,4085456535.267779,4085456535.267779,4085456535.267779,4085456535.267779,4085456535.267779,4085456535.267779,4085456535.267779
4085456535.267779,4085456535.267779,4085456535.267779,4085456535.267779,4085456535.267779,4085456535.267779,4085456535.267779,4085456535.267779,4085456535.267779,4085456535.267779
4085456535.267779,4085456535.267779,4085456535.267779,4085456535.267779,4085456535.267779,4085456535.267779,4085456535.267779,4085456535.267779,4085456535.267779,4085456535.267779
4085456535.267779,4085456535.267779,4085456535.267779,4085456535.267779,4085456535.267779,4085456535.267779,4085456535.267779,4085456535.267779,4085456535.267779,4085456535.267779
4085456535.267779,4085456535.267779,4085456535.267779,4085456535.267779,4085456535.267779,4085456535.267779,4085456535.267779,4085456535.267779,4085456535.267779,4085456535.267779
4085456535.267779,4085456535.267779,4085456535.267779,4085456535.267779,4085456535.267779,4085456535.267779,4085456535.267779,4085456535.267779,4085456535.267779,4085456535.267779
4085456535.267779,4085456535.267779,4085456535.267779,4085456535.267779,4085456535.267779,4085456535.267779,4085456535.267779,4085456535.267779,4085456535.267779,4085456535.267779
4034790951.5659027,4034790951.5659027,4034790951.5659027,4034790951.5659027,4034790951.5659027,4034790951.5659027,4034790951.5659027,4034790951.5659027,4034790951.5659027,4034790951.5659027
3800681099.828953,3800681099.828953,3800681099.828953,3800681099.828953,3800681099.828953,3800681099.828953,3800681099.828953,3800681099.828953,3800681099.828953,3800681099.828953
3800681099.828953,3800681099.828953,3800681099.828953,3800681099.828953,3800681099.828953,3800681099.828953,3800681099.828953,3800681099.828953,3800681099.828953,3800681099.828953
3800681099.828953,3800681099.828953,3800681099.828953,3800681099.828953,3800681099.828953,3800681099.828953,3800681099.828953,3800681099.828953,3800681099.828953,3800681099.828953
3735894405.37749,3735894405.37749,3735894405.37749,3735894405.37749,3735894405.37749,3735894405.37749,3735894405.37749,3735894405.37749,3735894405.37749,3735894405.37749
3735894405.37749,3735894405.37749,3735894405.37749,3735894405.37749,3735894405.37749,3735894405.37749,3735894405.37749,3735894405.37749,3735894405.37749,3735894405.37749
3735894405.37749,3735894405.37749,3735894405.37749,3735894405.37749,3735894405.37749,3735894405.37749,3735894405.37749,3735894405.37749,3735894405.37749,3735894405.37749
3735894405.37749,3735894405.37749,3735894405.37749,3735894405.37749,3735894405.37749,3735894405.37749,3735894405.37749,3735894405.37749,3735894405.37749,3735894405.37749
3735894405.37749,3735894405.37749,3735894405.37749,3735894405.37749,3735894405.37749,3735894405.37749,3735894405.37749,3735894405.37749,3735894405.37749,3735894405.37749
3735894405.37749,3735894405.37749,3735894405.37749,3735894405.37749,3735894405.37749,3735894405.37749,3735894405.37749,3735894405.37749,3735894405.37749,3735894405.37749
3735894405.37749,3735894405.37749,3735894405.37749,3735894405.37749,3735894405.37749,3735894405.37749,3735894405.37749,3735894405.37749,3735894405.37749,3735894405.37749
3735894405.37749,3735894405.37749,3735894405.37749,3735894405.37749,3735894405.37749,3735894405.37749,3735894405.37749,3735894405.37749,3735894405.37749,3735894405.37749
3735894405.37749,3735894405.37749,3735894405.37749,3735894405.37749,3735894405.37749,3735894405.37749,3735894405.37749,3735894405.37749,3735894405.37749,3735894405.37749
3735894405.37749,3735894405.37749,3735894405.37749,3735894405.37749,3735894405.37749,3735894405.37749,3735894405.37749,3735894405.37749,3735894405.37749,3735894405.37749
3735894405.37749,3735894405.37749,3735894405.37749,3735894405.37749,3735894405.37749,3735894405.37749,3735894405.37749,3735894405.37749,3735894405.37749,3735894405.37749
3735894405.37749,3735894405.37749,3735894405.37749,3735894405.37749,3735894405.37749,3735894405.37749,3735894405.37749,3735894405.37749,3735894405.37749,3735894405.37749
3735894405.37749,3735894405.37749,3735894405.37749,3735894405.37749,3735894405.37749,3735894405.37749,3735894405.37749,3735894405.37749,3735894405.37749,3735894405.37749
3734207015.4700117,3734207015.4700117,3734207015.4700117,3734207015.4700117,3734207015.4700117,3734207015.4700117,3734207015.4700117,3734207015.4700117,3734207015.4700117,3734207015.4700117
3721208027.848317,3721208027.848317,3721208027.848317,3721208027.848317,3721208027.848317,3721208027.848317,3721208027.848317,3721208027.848317,3721208027.848317,3721208027.848317
3721208027.848317,3721208027.848317,3721208027.848317,3721208027.848317,3721208027.848317,3721208027.848317,3721208027.848317,3721208027.848317,3721208027.848317,3721208027.848317
3721208027.848317,3721208027.848317,3721208027.848317,3721208027.848317,3721208027.848317,3721208027.848317,3721208027.848317,3721208027.848317,3721208027.848317,3721208027.848317
3551359559.2048907,3551359559.2048907,3551359559.2048907,3551359559.2048907,3551359559.2048907,3551359559.2048907,3551359559.2048907,3551359559.2048907,3551359559.2048907,3551359559.2048907
3551359559.2048907,3551359559.2048907,3551359559.2048907,3551359559.2048907,3551359559.2048907,3551359559.2048907,3551359559.2048907,3551359559.2048907,3551359559.2048907,3551359559.2048907
3351748147.7653646,3351748147.7653646,3351748147.7653646,3351748147.7653646,3351748147.7653646,3351748147.7653646,3351748147.7653646,3351748147.7653646,3351748147.7653646,3351748147.7653646
3351748147.7653646,3351748147.7653646,3351748147.7653646,3351748147.7653646,3351748147.7653646,3351748147.7653646,3351748147.7653646,3351748147.7653646,3351748147.7653646,3351748147.7653646
3311604837.1936197,3311604837.1936197,3311604837.1936197,3311604837.1936197,3311604837.1936197,3311604837.1936197,3311604837.1936197,3311604837.1936197,3311604837.1936197,3311604837.1936197
3311604837.1936197,3311604837.1936197,3311604837.1936197,3311604837.1936197,3311604837.1936197,3311604837.1936197,3311604837.1936197,3311604837.1936197,3311604837.1936197,3311604837.1936197
3311604837.1936197,3311604837.1936197,3311604837.1936197,3311604837.1936197,3311604837.1936197,3311604837.1936197,3311604837.1936197,3311604837.1936197,3311604837.1936197,3311604837.1936197
3311604837.1936197,3311604837.1936197,3311604837.1936197,3311604837.1936197,3311604837.1936197,3311604837.1936197,3311604837.1936197,3311604837.1936197,3311604837.1936197,3311604837.1936197
3311604837.1936197,3311604837.1936197,3311604837.1936197,3311604837.1936197,3311604837.1936197,3311604837.1936197,3311604837.1936197,3311604837.1936197,3311604837.1936197,3311604837.1936197
3311604837.1936197,3311604837.1936197,3311604837.1936197,3311604837.1936197,3311604837.1936197,3311604837.1936197,3311604837.1936197,3311604837.1936197,3311604837.1936197,3311604837.1936197
3311604837.1936197,3311604837.1936197,3311604837.1936197,3311604837.1936197,3311604837.1936197,3311604837.1936197,3311604837.1936197,3311604837.1936197,3311604837.1936197,3311604837.1936197
3311604837.1936197,3311604837.1936197,3311604837.1936197,3311604837.1936197,3311604837.1936197,3311604837.1936197,3311604837.1936197,3311604837.1936197,3311604837.1936197,3311604837.1936197
3184478050.35982,3184478050.35982,3184478050.35982,3184478050.35982,3184478050.35982,3184478050.35982,3184478050.35982,3184478050.35982,3184478050.35982,3184478050.35982
3184478050.35982,3184478050.35982,3184478050.35982,3184478050.35982,3184478050.35982,3184478050.35982,3184478050.35982,3184478050.35982,3184478050.35982,3184478050.35982
3184478050.35982,3184478050.35982,3184478050.35982,3184478050.35982,3184478050.35982,3184478050.35982,3184478050.35982,3184478050.35982,3184478050.35982,3184478050.35982
3176853767.4603252,3176853767.4603252,3176853767.4603252,3176853767.4603252,3176853767.4603252,3176853767.4603252,3176853767.4603252,3176853767.4603252,3176853767.4603252,3176853767.4603252
3176853767.4603252,3176853767.4603252,3176853767.4603252,3176853767.4603252,3176853767.4603252,3176853767.4603252,3176853767.4603252,3176853767.4603252,3176853767.4603252,3176853767.4603252
3176853767.4603252,3176853767.4603252,3176853767.4603252,3176853767.4603252,3176853767.4603252,3176853767.4603252,3176853767.4603252,3176853767.4603252,3176853767.4603252,3176853767.4603252
3176853767.4603252,3176853767.4603252,3176853767.4603252,3176853767.4603252,3176853767.4603252,3176853767.4603252,3176853767.4603252,3176853767.4603252,3176853767.4603252,3176853767.4603252
3176853767.4603252,3176853767.4603252,3176853767.4603252,3176853767.4603252,3176853767.4603252,3176853767.4603252,3176853767.4603252,3176853767.4603252,3176853767.4603252,3176853767.4603252
3176853767.4603252,3176853767.4603252,3176853767.4603252,3176853767.4603252,3176853767.4603252,3176853767.4603252,3176853767.4603252,3176853767.4603252,3176853767.4603252,3176853767.4603252
3176853767.4603252,3176853767.4603252,3176853767.4603252,3176853767.4603252,3176853767.4603252,3176853767.4603252,3176853767.4603252,3176853767.4603252,3176853767.4603252,3176853767.4603252
3176853767.4603252,3176853767.4603252,3176853767.4603252,3176853767.4603252,3176853767.4603252,3176853767.4603252,3176853767.4603252,3176853767.4603252,3176853767.4603252,3176853767.4603252
3165830300.167831,3165830300.167831,3165830300.167831,3165830300.167831,3165830300.167831,3165830300.167831,3165830300.167831,3165830300.167831,3165830300.167831,3165830300.167831
3107389622.5801334,3107389622.5801334,3107389622.5801334,3107389622.5801334,3107389622.5801334,3107389622.5801334,3107389622.5801334,3107389622.5801334,3107389622.5801334,3107389622.5801334
3107389622.5801334,3107389622.5801334,3107389622.5801334,3107389622.5801334,3107389622.5801334,3107389622.5801334,3107389622.5801334,3107389622.5801334,3107389622.5801334,3107389622.5801334
3107389622.5801334,3107389622.5801334,3107389622.5801334,3107389622.5801334,3107389622.5801334,3107389622.5801334,3107389622.5801334,3107389622.5801334,3107389622.5801334,3107389622.5801334
3107389622.5801334,3107389622.5801334,3107389622.5801334,3107389622.5801334,3107389622.5801334,3107389622.5801334,3107389622.5801334,3107389622.5801334,3107389622.5801334,3107389622.5801334
3107389622.5801334,3107389622.5801334,3107389622.5801334,3107389622.5801334,3107389622.5801334,3107389622.5801334,3107389622.5801334,3107389622.5801334,3107389622.5801334,3107389622.5801334
3107389622.5801334,3107389622.5801334,3107389622.5801334,3107389622.5801334,3107389622.5801334,3107389622.5801334,3107389622.5801334,3107389622.5801334,3107389622.5801334,3107389622.5801334
3107389622.5801334,3107389622.5801334,3107389622.5801334,3107389622.5801334,3107389622.5801334,3107389622.5801334,3107389622.5801334,3107389622.5801334,3107389622.5801334,3107389622.5801334
3107389622.5801334,3107389622.5801334,3107389622.5801334,3107389622.5801334,3107389622.5801334,3107389622.5801334,3107389622.5801334,3107389622.5801334,3107389622.5801334,3107389622.5801334
3107389622.5801334,3107389622.5801334,3107389622.5801334,3107389622.5801334,3107389622.5801334,3107389622.5801334,3107389622.5801334,3107389622.5801334,3107389622.5801334,3107389622.5801334
3107389622.5801334,3107389622.5801334,3107389622.5801334,3107389622.5801334,3107389622.5801334,3107389622.5801334,3107389622.5801334,3107389622.5801334,3107389622.5801334,3107389622.5801334
3107389622.5801334,3107389622.5801334,3107389622.5801334,3107389622.5801334,3107389622.5801334,3107389622.5801334,3107389622.5801334,3107389622.5801334,3107389622.5801334,3107389622.5801334
3107389622.5801334,3107389622.5801334,3107389622.5801334,3107389622.5801334,3107389622.5801334,3107389622.5801334,3107389622.5801334,3107389622.5801334,3107389622.5801334,3107389622.5801334
3107389622.5801334,3107389622.5801334,3107389622.5801334,3107389622.5801334,3107389622.5801334,3107389622.5801334,3107389622.5801334,3107389622.5801334,3107389622.5801334,3107389622.5801334
3107389622.5801334,3107389622.5801334,3107389622.5801334,3107389622.5801334,3107389622.5801334,3107389622.5801334,3107389622.5801334,3107389622.5801334,3107389622.5801334,3107389622.5801334
3107389622.5801334,3107389622.5801334,3107389622.5801334,3107389622.5801334,3107389622.5801334,3107389622.5801334,3107389622.5801334,3107389622.5801334,3107389622.5801334,3107389622.5801334
3107389622.5801334,3107389622.5801334,3107389622.5801334,3107389622.5801334,3107389622.5801334,3107389622.5801334,3107389622.5801334,3107389622.5801334,3107389622.5801334,3107389622.5801334
3047218427.1099205,3047218427.1099205,3047218427.1099205,3047218427.1099205,3047218427.1099205,3047218427.1099205,3047218427.1099205,3047218427.1099205,3047218427.1099205,3047218427.1099205
3047218427.1099205,3047218427.1099205,3047218427.1099205,3047218427.1099205,3047218427.1099205,3047218427.1099205,3047218427.1099205,3047218427.1099205,3047218427.1099205,3047218427.1099205
3047218427.1099205,3047218427.1099205,3047218427.1099205,3047218427.1099205,3047218427.1099205,3047218427.1099205,3047218427.1099205,3047218427.1099205,3047218427.1099205,3047218427.1099205
3047218427.1099205,3047218427.1099205,3047218427.1099205,3047218427.1099205,3047218427.1099205,3047218427.1099205,3047218427.1099205,3047218427.1099205,3047218427.1099205,3047218427.1099205
3047218427.1099205,3047218427.1099205,3047218427.1099205,3047218427.1099205,3047218427.1099205,3047218427.1099205,3047218427.1099205,3047218427.1099205,3047218427.1099205,3047218427.1099205
3047218427.1099205,3047218427.1099205,3047218427.1099205,3047218427.1099205,3047218427.1099205,3047218427.1099205,3047218427.1099205,3047218427.1099205,3047218427.1099205,3047218427.1099205
3047218427.1099205,3047218427.1099205,3047218427.1099205,3047218427.1099205,3047218427.1099205,3047218427.1099205,3047218427.1099205,3047218427.1099205,3047218427.1099205,3047218427.1099205
3047218427.1099205,3047218427.1099205,3047218427.1099205,3047218427.1099205,3047218427.1099205,3047218427.1099205,3047218427.1099205,3047218427.1099205,3047218427.1099205,3047218427.1099205
3047218427.1099205,3047218427.1099205,3047218427.1099205,3047218427.1099205,3047218427.1099205,3047218427.1099205,3047218427.1099205,3047218427.1099205,3047218427.1099205,3047218427.1099205
3047218427.1099205,3047218427.1099205,3047218427.1099205,3047218427.1099205,3047218427.1099205,3047218427.1099205,3047218427.1099205,3047218427.1099205,3047218427.1099205,3047218427.1099205
2989908640.450783,2989908640.450783,2989908640.450783,2989908640.450783,2989908640.450783,2989908640.450783,2989908640.450783,2989908640.450783,2989908640.450783,2989908640.450783
2989908640.450783,2989908640.450783,2989908640.450783,2989908640.450783,2989908640.450783,2989908640.450783,2989908640.450783,2989908640.450783,2989908640.450783,2989908640.450783
2989908640.450783,2989908640.450783,2989908640.450783,2989908640.450783,2989908640.450783,2989908640.450783,2989908640.450783,2989908640.450783,2989908640.450783,2989908640.450783
2989908640.450783,2989908640.450783,2989908640.450783,2989908640.450783,2989908640.450783,2989908640.450783,2989908640.450783,2989908640.450783,2989908640.450783,2989908640.450783
2972773310.393761,2972773310.393761,2972773310.393761,2972773310.393761,2972773310.393761,2972773310.393761,2972773310.393761,2972773310.393761,2972773310.393761,2972773310.393761
2972773310.393761,2972773310.393761,2972773310.393761,2972773310.393761,2972773310.393761,2972773310.393761,2972773310.393761,2972773310.393761,2972773310.393761,2972773310.393761
2972773310.393761,2972773310.393761,2972773310.393761,2972773310.393761,2972773310.393761,2972773310.393761,2972773310.393761,2972773310.393761,2972773310.393761,2972773310.393761
2972773310.393761,2972773310.393761,2972773310.393761,2972773310.393761,2972773310.393761,2972773310.393761,2972773310.393761,2972773310.393761,2972773310.393761,2972773310.393761
2972773310.393761,2972773310.393761,2972773310.393761,2972773310.393761,2972773310.393761,2972773310.393761,2972773310.393761,2972773310.393761,2972773310.393761,2972773310.393761
2972773310.393761,2972773310.393761,2972773310.393761,2972773310.393761,2972773310.393761,2972773310.393761,2972773310.393761,2972773310.393761,2972773310.393761,2972773310.393761
2972773310.393761,2972773310.393761,2972773310.393761,2972773310.393761,2972773310.393761,2972773310.393761,2972773310.393761,2972773310.393761,2972773310.393761,2972773310.393761
2972773310.393761,2972773310.393761,2972773310.393761,2972773310.393761,2972773310.393761,2972773310.393761,2972773310.393761,2972773310.393761,2972773310.393761,2972773310.393761
2972773310.393761,2972773310.393761,2972773310.393761,2972773310.393761,2972773310.393761,2972773310.393761,2972773310.393761,2972773310.393761,2972773310.393761,2972773310.393761
2972773310.393761,2972773310.393761,2972773310.393761,2972773310.393761,2972773310.393761,2972773310.393761,2972773310.393761,2972773310.393761,2972773310.393761,2972773310.393761
2972773310.393761,2972773310.393761,2972773310.393761,2972773310.393761,2972773310.393761,2972773310.393761,2972773310.393761,2972773310.393761,2972773310.393761,2972773310.393761
2972773310.393761,2972773310.393761,2972773310.393761,2972773310.393761,2972773310.393761,2972773310.393761,2972773310.393761,2972773310.393761,2972773310.393761,2972773310.393761
2972773310.393761,2972773310.393761,2972773310.393761,2972773310.393761,2972773310.393761,2972773310.393761,2972773310.393761,2972773310.393761,2972773310.393761,2972773310.393761
2914493383.2147436,2914493383.2147436,2914493383.2147436,2914493383.2147436,2914493383.2147436,2914493383.2147436,2914493383.2147436,2914493383.2147436,2914493383.2147436,2914493383.2147436
2914493383.2147436,2914493383.2147436,2914493383.2147436,2914493383.2147436,2914493383.2147436,2914493383.2147436,2914493383.2147436,2914493383.2147436,2914493383.2147436,2914493383.2147436
2914493383.2147436,2914493383.2147436,2914493383.2147436,2914493383.2147436,2914493383.2147436,2914493383.2147436,2914493383.2147436,2914493383.2147436,2914493383.2147436,2914493383.2147436
2914493383.2147436,2914493383.2147436,2914493383.2147436,2914493383.2147436,2914493383.2147436,2914493383.2147436,2914493383.2147436,2914493383.2147436,2914493383.2147436,2914493383.2147436
2914493383.2147436,2914493383.2147436,2914493383.2147436,2914493383.2147436,2914493383.2147436,2914493383.2147436,2914493383.2147436,2914493383.2147436,2914493383.2147436,2914493383.2147436
2914493383.2147436,2914493383.2147436,2914493383.2147436,2914493383.2147436,2914493383.2147436,2914493383.2147436,2914493383.2147436,2914493383.2147436,2914493383.2147436,2914493383.2147436
2914493383.2147436,2914493383.2147436,2914493383.2147436,2914493383.2147436,2914493383.2147436,2914493383.2147436,2914493383.2147436,2914493383.2147436,2914493383.2147436,2914493383.2147436
2914493383.2147436,2914493383.2147436,2914493383.2147436,2914493383.2147436,2914493383.2147436,2914493383.2147436,2914493383.2147436,2914493383.2147436,2914493383.2147436,2914493383.2147436
2914493383.2147436,2914493383.2147436,2914493383.2147436,2914493383.2147436,2914493383.2147436,2914493383.2147436,2914493383.2147436,2914493383.2147436,2914493383.2147436,2914493383.2147436
2914493383.2147436,2914493383.2147436,2914493383.2147436,2914493383.2147436,2914493383.2147436,2914493383.2147436,2914493383.2147436,2914493383.2147436,2914493383.2147436,2914493383.2147436
2914493383.2147436,2914493383.2147436,2914493383.2147436,2914493383.2147436,2914493383.2147436,2914493383.2147436,2914493383.2147436,2914493383.2147436,2914493383.2147436,2914493383.2147436
2894102055.546935,2894102055.546935,2894102055.546935,2894102055.546935,2894102055.546935,2894102055.546935,2894102055.546935,2894102055.546935,2894102055.546935,2894102055.546935
2894102055.546935,2894102055.546935,2894102055.546935,2894102055.546935,2894102055.546935,2894102055.546935,2894102055.546935,2894102055.546935,2894102055.546935,2894102055.546935
2894102055.546935,2894102055.546935,2894102055.546935,2894102055.546935,2894102055.546935,2894102055.546935,2894102055.546935,2894102055.546935,2894102055.546935,2894102055.546935
2894102055.546935,2894102055.546935,2894102055.546935,2894102055.546935,2894102055.546935,2894102055.546935,2894102055.546935,2894102055.546935,2894102055.546935,2894102055.546935
2894102055.546935,2894102055.546935,2894102055.546935,2894102055.546935,2894102055.546935,2894102055.546935,2894102055.546935,2894102055.546935,2894102055.546935,2894102055.546935
2770692604.323781,2770692604.323781,2770692604.323781,2770692604.323781,2770692604.323781,2770692604.323781,2770692604.323781,2770692604.323781,2770692604.323781,2770692604.323781
2770692604.323781,2770692604.323781,2770692604.323781,2770692604.323781,2770692604.323781,2770692604.323781,2770692604.323781,2770692604.323781,2770692604.323781,2770692604.323781
2770692604.323781,2770692604.323781,2770692604.323781,2770692604.323781,2770692604.323781,2770692604.323781,2770692604.323781,2770692604.323781,2770692604.323781,2770692604.323781
2770692604.323781,2770692604.323781,2770692604.323781,2770692604.323781,2770692604.323781,2770692604.323781,2770692604.323781,2770692604.323781,2770692604.323781,2770692604.323781
2770692604.323781,2770692604.323781,2770692604.323781,2770692604.323781,2770692604.323781,2770692604.323781,2770692604.323781,2770692604.323781,2770692604.323781,2770692604.323781
2770692604.323781,2770692604.323781,2770692604.323781,2770692604.323781,2770692604.323781,2770692604.323781,2770692604.323781,2770692604.323781,2770692604.323781,2770692604.323781
2770692604.323781,2770692604.323781,2770692604.323781,2770692604.323781,2770692604.323781,2770692604.323781,2770692604.323781,2770692604.323781,2770692604.323781,2770692604.323781
2667334725.186183,2667334725.186183,2667334725.186183,2667334725.186183,2667334725.186183,2667334725.186183,2667334725.186183,2667334725.186183,2667334725.186183,2667334725.186183
2667334725.186183,2667334725.186183,2667334725.186183,2667334725.186183,2667334725.186183,2667334725.186183,2667334725.186183,2667334725.186183,2667334725.186183,2667334725.186183
2544929100.2612143,2544929100.2612143,2544929100.2612143,2544929100.2612143,2544929100.2612143,2544929100.2612143,2544929100.2612143,2544929100.2612143,2544929100.2612143,2544929100.2612143
2544929100.2612143,2544929100.2612143,2544929100.2612143,2544929100.2612143,2544929100.2612143,2544929100.2612143,2544929100.2612143,2544929100.2612143,2544929100.2612143,2544929100.2612143
2544929100.2612143,2544929100.2612143,2544929100.2612143,2544929100.2612143,2544929100.2612143,2544929100.2612143,2544929100.2612143,2544929100.2612143,2544929100.2612143,2544929100.2612143
2544929100.2612143,2544929100.2612143,2544929100.2612143,2544929100.2612143,2544929100.2612143,2544929100.2612143,2544929100.2612143,2544929100.2612143,2544929100.2612143,2544929100.2612143
2448323802.828417,2448323802.828417,2448323802.828417,2448323802.828417,2448323802.828417,2448323802.828417,2448323802.828417,2448323802.828417,2448323802.828417,2448323802.828417
2448323802.828417,2448323802.828417,2448323802.828417,2448323802.828417,2448323802.828417,2448323802.828417,2448323802.828417,2448323802.828417,2448323802.828417,2448323802.828417
2448323802.828417,2448323802.828417,2448323802.828417,2448323802.828417,2448323802.828417,2448323802.828417,2448323802.828417,2448323802.828417,2448323802.828417,2448323802.828417
2425656491.530496,2425656491.530496,2425656491.530496,2425656491.530496,2425656491.530496,2425656491.530496,2425656491.530496,2425656491.530496,2425656491.530496,2425656491.530496
2425656491.530496,2425656491.530496,2425656491.530496,2425656491.530496,2425656491.530496,2425656491.530496,2425656491.530496,2425656491.530496,2425656491.530496,2425656491.530496
2425656491.530496,2425656491.530496,2425656491.530496,2425656491.530496,2425656491.530496,2425656491.530496,2425656491.530496,2425656491.530496,2425656491.530496,2425656491.530496
2425656491.530496,2425656491.530496,2425656491.530496,2425656491.530496,2425656491.530496,2425656491.530496,2425656491.530496,2425656491.530496,2425656491.530496,2425656491.530496
2425656491.530496,2425656491.530496,2425656491.530496,2425656491.530496,2425656491.530496,2425656491.530496,2425656491.530496,2425656491.530496,2425656491.530496,2425656491.530496
2425656491.530496,2425656491.530496,2425656491.530496,2425656491.530496,2425656491.530496,2425656491.530496,2425656491.530496,2425656491.530496,2425656491.530496,2425656491.530496
2425656491.530496,2425656491.530496,2425656491.530496,2425656491.530496,2425656491.530496,2425656491.530496,2425656491.530496,2425656491.530496,2425656491.530496,2425656491.530496
2425656491.530496,2425656491.530496,2425656491.530496,2425656491.530496,2425656491.530496,2425656491.530496,2425656491.530496,2425656491.530496,2425656491.530496,2425656491.530496
2425656491.530496,2425656491.530496,2425656491.530496,2425656491.530496,2425656491.530496,2425656491.530496,2425656491.530496,2425656491.530496,2425656491.530496,2425656491.530496
2231766511.566674,2231766511.566674,2231766511.566674,2231766511.566674,2231766511.566674,2231766511.566674,2231766511.566674,2231766511.566674,2231766511.566674,2231766511.566674
2231766511.566674,2231766511.566674,2231766511.566674,2231766511.566674,2231766511.566674,2231766511.566674,2231766511.566674,2231766511.566674,2231766511.566674,2231766511.566674
2231766511.566674,2231766511.566674,2231766511.566674,2231766511.566674,2231766511.566674,2231766511.566674,2231766511.566674,2231766511.566674,2231766511.566674,2231766511.566674
2231766511.566674,2231766511.566674,2231766511.566674,2231766511.566674,2231766511.566674,2231766511.566674,2231766511.566674,2231766511.566674,2231766511.566674,2231766511.566674
2212772912.6329584,2212772912.6329584,2212772912.6329584,2212772912.6329584,2212772912.6329584,2212772912.6329584,2212772912.6329584,2212772912.6329584,2212772912.6329584,2212772912.6329584
2212772912.6329584,2212772912.6329584,2212772912.6329584,2212772912.6329584,2212772912.6329584,2212772912.6329584,2212772912.6329584,2212772912.6329584,2212772912.6329584,2212772912.6329584
2212772912.6329584,2212772912.6329584,2212772912.6329584,2212772912.6329584,2212772912.6329584,2212772912.6329584,2212772912.6329584,2212772912.6329584,2212772912.6329584,2212772912.6329584
2177584894.883644,2177584894.883644,2177584894.883644,2177584894.883644,2177584894.883644,2177584894.883644,2177584894.883644,2177584894.883644,2177584894.883644,2177584894.883644
2177584894.883644,2177584894.883644,2177584894.883644,2177584894.883644,2177584894.883644,2177584894.883644,2177584894.883644,2177584894.883644,2177584894.883644,2177584894.883644
2177584894.883644,2177584894.883644,2177584894.883644,2177584894.883644,2177584894.883644,2177584894.883644,2177584894.883644,2177584894.883644,2177584894.883644,2177584894.883644
2177584894.883644,2177584894.883644,2177584894.883644,2177584894.883644,2177584894.883644,2177584894.883644,2177584894.883644,2177584894.883644,2177584894.883644,2177584894.883644
2177584894.883644,2177584894.883644,2177584894.883644,2177584894.883644,2177584894.883644,2177584894.883644,2177584894.883644,2177584894.883644,2177584894.883644,2177584894.883644
2177584894.883644,2177584894.883644,2177584894.883644,2177584894.883644,2177584894.883644,2177584894.883644,2177584894.883644,2177584894.883644,2177584894.883644,2177584894.883644
2177584894.883644,2177584894.883644,2177584894.883644,2177584894.883644,2177584894.883644,2177584894.883644,2177584894.883644,2177584894.883644,2177584894.883644,2177584894.883644
2177584894.883644,2177584894.883644,2177584894.883644,2177584894.883644,2177584894.883644,2177584894.883644,2177584894.883644,2177584894.883644,2177584894.883644,2177584894.883644
2138787051.6071167,2138787051.6071167,2138787051.6071167,2138787051.6071167,2138787051.6071167,2138787051.6071167,2138787051.6071167,2138787051.6071167,2138787051.6071167,2138787051.6071167
2138787051.6071167,2138787051.6071167,2138787051.6071167,2138787051.6071167,2138787051.6071167,2138787051.6071167,2138787051.6071167,2138787051.6071167,2138787051.6071167,2138787051.6071167
2138787051.6071167,2138787051.6071167,2138787051.6071167,2138787051.6071167,2138787051.6071167,2138787051.6071167,2138787051.6071167,2138787051.6071167,2138787051.6071167,2138787051.6071167
2138787051.6071167,2138787051.6071167,2138787051.6071167,2138787051.6071167,2138787051.6071167,2138787051.6071167,2138787051.6071167,2138787051.6071167,2138787051.6071167,2138787051.6071167
2138787051.6071167,2138787051.6071167,2138787051.6071167,2138787051.6071167,2138787051.6071167,2138787051.6071167,2138787051.6071167,2138787051.6071167,2138787051.6071167,2138787051.6071167
2138787051.6071167,2138787051.6071167,2138787051.6071167,2138787051.6071167,2138787051.6071167,2138787051.6071167,2138787051.6071167,2138787051.6071167,2138787051.6071167,2138787051.6071167
1992739493.4422798,1992739493.4422798,1992739493.4422798,1992739493.4422798,1992739493.4422798,1992739493.4422798,1992739493.4422798,1992739493.4422798,1992739493.4422798,1992739493.4422798
1992739493.4422798,1992739493.4422798,1992739493.4422798,1992739493.4422798,1992739493.4422798,1992739493.4422798,1992739493.4422798,1992739493.4422798,1992739493.4422798,1992739493.4422798
1992739493.4422798,1992739493.4422798,1992739493.4422798,1992739493.4422798,1992739493.4422798,1992739493.4422798,1992739493.4422798,1992739493.4422798,1992739493.4422798,1992739493.4422798
1992739493.4422798,1992739493.4422798,1992739493.4422798,1992739493.4422798,1992739493.4422798,1992739493.4422798,1992739493.4422798,1992739493.4422798,1992739493.4422798,1992739493.4422798
1992739493.4422798,1992739493.4422798,1992739493.4422798,1992739493.4422798,1992739493.4422798,1992739493.4422798,1992739493.4422798,1992739493.4422798,1992739493.4422798,1992739493.4422798
1992739493.4422798,1992739493.4422798,1992739493.4422798,1992739493.4422798,1992739493.4422798,1992739493.4422798,1992739493.4422798,1992739493.4422798,1992739493.4422798,1992739493.4422798
1992739493.4422798,1992739493.4422798,1992739493.4422798,1992739493.4422798,1992739493.4422798,1992739493.4422798,1992739493.4422798,1992739493.4422798,1992739493.4422798,1992739493.4422798
1992739493.4422798,1992739493.4422798,1992739493.4422798,1992739493.4422798,1992739493.4422798,1992739493.4422798,1992739493.4422798,1992739493.4422798,1992739493.4422798,1992739493.4422798
1992739493.4422798,1992739493.4422798,1992739493.4422798,1992739493.4422798,1992739493.4422798,1992739493.4422798,1992739493.4422798,1992739493.4422798,1992739493.4422798,1992739493.4422798
1992739493.4422798,1992739493.4422798,1992739493.4422798,1992739493.4422798,1992739493.4422798,1992739493.4422798,1992739493.4422798,1992739493.4422798,1992739493.4422798,1992739493.4422798
1992739493.4422798,1992739493.4422798,1992739493.4422798,1992739493.4422798,1992739493.4422798,1992739493.4422798,1992739493.4422798,1992739493.4422798,1992739493.4422798,1992739493.4422798
1992739493.4422798,1992739493.4422798,1992739493.4422798,1992739493.4422798,1992739493.4422798,1992739493.4422798,1992739493.4422798,1992739493.4422798,1992739493.4422798,1992739493.4422798
1992739493.4422798,1992739493.4422798,1992739493.4422798,1992739493.4422798,1992739493.4422798,1992739493.4422798,1992739493.4422798,1992739493.4422798,1992739493.4422798,1992739493.4422798
1915231639.9454117,1915231639.9454117,1915231639.9454117,1915231639.9454117,1915231639.9454117,1915231639.9454117,1915231639.9454117,1915231639.9454117,1915231639.9454117,1915231639.9454117
1915231639.9454117,1915231639.9454117,1915231639.9454117,1915231639.9454117,1915231639.9454117,1915231639.9454117,1915231639.9454117,1915231639.9454117,1915231639.9454117,1915231639.9454117
1835195380.049839,1835195380.049839,1835195380.049839,1835195380.049839,1835195380.049839,1835195380.049839,1835195380.049839,1835195380.049839,1835195380.049839,1835195380.049839
1834507735.3102508,1834507735.3102508,1834507735.3102508,1834507735.3102508,1834507735.3102508,1834507735.3102508,1834507735.3102508,1834507735.3102508,1834507735.3102508,1834507735.3102508
1822604968.0399122,1822604968.0399122,1822604968.0399122,1822604968.0399122,1822604968.0399122,1822604968.0399122,1822604968.0399122,1822604968.0399122,1822604968.0399122,1822604968.0399122
1822604968.0399122,1822604968.0399122,1822604968.0399122,1822604968.0399122,1822604968.0399122,1822604968.0399122,1822604968.0399122,1822604968.0399122,1822604968.0399122,1822604968.0399122
1822604968.0399122,1822604968.0399122,1822604968.0399122,1822604968.0399122,1822604968.0399122,1822604968.0399122,1822604968.0399122,1822604968.0399122,1822604968.0399122,1822604968.0399122
1822604968.0399122,1822604968.0399122,1822604968.0399122,1822604968.0399122,1822604968.0399122,1822604968.0399122,1822604968.0399122,1822604968.0399122,1822604968.0399122,1822604968.0399122
1822604968.0399122,1822604968.0399122,1822604968.0399122,1822604968.0399122,1822604968.0399122,1822604968.0399122,1822604968.0399122,1822604968.0399122,1822604968.0399122,1822604968.0399122
1822604968.0399122,1822604968.0399122,1822604968.0399122,1822604968.0399122,1822604968.0399122,1822604968.0399122,1822604968.0399122,1822604968.0399122,1822604968.0399122,1822604968.0399122
1822604968.0399122,1822604968.0399122,1822604968.0399122,1822604968.0399122,1822604968.0399122,1822604968.0399122,1822604968.0399122,1822604968.0399122,1822604968.0399122,1822604968.0399122
1684719551.8334398,1684719551.8334398,1684719551.8334398,1684719551.8334398,1684719551.8334398,1684719551.8334398,1684719551.8334398,1684719551.8334398,1684719551.8334398,1684719551.8334398
1684719551.8334398,1684719551.8334398,1684719551.8334398,1684719551.8334398,1684719551.8334398,1684719551.8334398,1684719551.8334398,1684719551.8334398,1684719551.8334398,1684719551.8334398
1684719551.8334398,1684719551.8334398,1684719551.8334398,1684719551.8334398,1684719551.8334398,1684719551.8334398,1684719551.8334398,1684719551.8334398,1684719551.8334398,1684719551.8334398
1684719551.8334398,1684719551.8334398,1684719551.8334398,1684719551.8334398,1684719551.8334398,1684719551.8334398,1684719551.8334398,1684719551.8334398,1684719551.8334398,1684719551.8334398
1684719551.8334398,1684719551.8334398,1684719551.8334398,1684719551.8334398,1684719551.8334398,1684719551.8334398,1684719551.8334398,1684719551.8334398,1684719551.8334398,1684719551.8334398
1684719551.8334398,1684719551.8334398,1684719551.8334398,1684719551.8334398,1684719551.8334398,1684719551.8334398,1684719551.8334398,1684719551.8334398,1684719551.8334398,1684719551.8334398
1684719551.8334398,1684719551.8334398,1684719551.8334398,1684719551.8334398,1684719551.8334398,1684719551.8334398,1684719551.8334398,1684719551.8334398,1684719551.8334398,1684719551.8334398
1684719551.8334398,1684719551.8334398,1684719551.8334398,1684719551.8334398,1684719551.8334398,1684719551.8334398,1684719551.8334398,1684719551.8334398,1684719551.8334398,1684719551.8334398
1681503502.419374,1681503502.419374,1681503502.419374,1681503502.419374,1681503502.419374,1681503502.419374,1681503502.419374,1681503502.419374,1681503502.419374,1681503502.419374
1678978546.1735303,1678978546.1735303,1678978546.1735303,1678978546.1735303,1678978546.1735303,1678978546.1735303,1678978546.1735303,1678978546.1735303,1678978546.1735303,1678978546.1735303
1619856737.3625748,1619856737.3625748,1619856737.3625748,1619856737.3625748,1619856737.3625748,1619856737.3625748,1619856737.3625748,1619856737.3625748,1619856737.3625748,1619856737.3625748
1619856737.3625748,1619856737.3625748,1619856737.3625748,1619856737.3625748,1619856737.3625748,1619856737.3625748,1619856737.3625748,1619856737.3625748,1619856737.3625748,1619856737.3625748
1619856737.3625748,1619856737.3625748,1619856737.3625748,1619856737.3625748,1619856737.3625748,1619856737.3625748,1619856737.3625748,1619856737.3625748,1619856737.3625748,1619856737.3625748
1618456954.1717384,1618456954.1717384,1618456954.1717384,1618456954.1717384,1618456954.1717384,1618456954.1717384,1618456954.1717384,1618456954.1717384,1618456954.1717384,1618456954.1717384
1618456954.1717384,1618456954.1717384,1618456954.1717384,1618456954.1717384,1618456954.1717384,1618456954.1717384,1618456954.1717384,1618456954.1717384,1618456954.1717384,1618456954.1717384
1618456954.1717384,1618456954.1717384,1618456954.1717384,1618456954.1717384,1618456954.1717384,1618456954.1717384,1618456954.1717384,1618456954.1717384,1618456954.1717384,1618456954.1717384
1616834493.773013,1616834493.773013,1616834493.773013,1616834493.773013,1616834493.773013,1616834493.773013,1616834493.773013,1616834493.773013,1616834493.773013,1616834493.773013
1616834493.773013,1616834493.773013,1616834493.773013,1616834493.773013,1616834493.773013,1616834493.773013,1616834493.773013,1616834493.773013,1616834493.773013,1616834493.773013
1616834493.773013,1616834493.773013,1616834493.773013,1616834493.773013,1616834493.773013,1616834493.773013,1616834493.773013,1616834493.773013,1616834493.773013,1616834493.773013
1616834493.773013,1616834493.773013,1616834493.773013,1616834493.773013,1616834493.773013,1616834493.773013,1616834493.773013,1616834493.773013,1616834493.773013,1616834493.773013
1616834493.773013,1616834493.773013,1616834493.773013,1616834493.773013,1616834493.773013,1616834493.773013,1616834493.773013,1616834493.773013,1616834493.773013,1616834493.773013
1616834493.773013,1616834493.773013,1616834493.773013,1616834493.773013,1616834493.773013,1616834493.773013,1616834493.773013,1616834493.773013,1616834493.773013,1616834493.773013
1616834493.773013,1616834493.773013,1616834493.773013,1616834493.773013,1616834493.773013,1616834493.773013,1616834493.773013,1616834493.773013,1616834493.773013,1616834493.773013
1616834493.773013,1616834493.773013,1616834493.773013,1616834493.773013,1616834493.773013,1616834493.773013,1616834493.773013,1616834493.773013,1616834493.773013,1616834493.773013
1616834493.773013,1616834493.773013,1616834493.773013,1616834493.773013,1616834493.773013,1616834493.773013,1616834493.773013,1616834493.773013,1616834493.773013,1616834493.773013
1616834493.773013,1616834493.773013,1616834493.773013,1616834493.773013,1616834493.773013,1616834493.773013,1616834493.773013,1616834493.773013,1616834493.773013,1616834493.773013
1616834493.773013,1616834493.773013,1616834493.773013,1616834493.773013,1616834493.773013,1616834493.773013,1616834493.773013,1616834493.773013,1616834493.773013,1616834493.773013
1616834493.773013,1616834493.773013,1616834493.773013,1616834493.773013,1616834493.773013,1616834493.773013,1616834493.773013,1616834493.773013,1616834493.773013,1616834493.773013
1616834493.773013,1616834493.773013,1616834493.773013,1616834493.773013,1616834493.773013,1616834493.773013,1616834493.773013,1616834493.773013,1616834493.773013,1616834493.773013
1616834493.773013,1616834493.773013,1616834493.773013,1616834493.773013,1616834493.773013,1616834493.773013,1616834493.773013,1616834493.773013,1616834493.773013,1616834493.773013
1602575031.4096422,1602575031.4096422,1602575031.4096422,1602575031.4096422,1602575031.4096422,1602575031.4096422,1602575031.4096422,1602575031.4096422,1602575031.4096422,1602575031.4096422
1602575031.4096422,1602575031.4096422,1602575031.4096422,1602575031.4096422,1602575031.4096422,1602575031.4096422,1602575031.4096422,1602575031.4096422,1602575031.4096422,1602575031.4096422
1602575031.4096422,1602575031.4096422,1602575031.4096422,1602575031.4096422,1602575031.4096422,1602575031.4096422,1602575031.4096422,1602575031.4096422,1602575031.4096422,1602575031.4096422
1602575031.4096422,1602575031.4096422,1602575031.4096422,1602575031.4096422,1602575031.4096422,1602575031.4096422,1602575031.4096422,1602575031.4096422,1602575031.4096422,1602575031.4096422
1602575031.4096422,1602575031.4096422,1602575031.4096422,1602575031.4096422,1602575031.4096422,1602575031.4096422,1602575031.4096422,1602575031.4096422,1602575031.4096422,1602575031.4096422
1602575031.4096422,1602575031.4096422,1602575031.4096422,1602575031.4096422,1602575031.4096422,1602575031.4096422,1602575031.4096422,1602575031.4096422,1602575031.4096422,1602575031.4096422
1602575031.4096422,1602575031.4096422,1602575031.4096422,1602575031.4096422,1602575031.4096422,1602575031.4096422,1602575031.4096422,1602575031.4096422,1602575031.4096422,1602575031.4096422
1602575031.4096422,1602575031.4096422,1602575031.4096422,1602575031.4096422,1602575031.4096422,1602575031.4096422,1602575031.4096422,1602575031.4096422,1602575031.4096422,1602575031.4096422
1602575031.4096422,1602575031.4096422,1602575031.4096422,1602575031.4096422,1602575031.4096422,1602575031.4096422,1602575031.4096422,1602575031.4096422,1602575031.4096422,1602575031.4096422
1602575031.4096422,1602575031.4096422,1602575031.4096422,1602575031.4096422,1602575031.4096422,1602575031.4096422,1602575031.4096422,1602575031.4096422,1602575031.4096422,1602575031.4096422
1602575031.4096422,1602575031.4096422,1602575031.4096422,1602575031.4096422,1602575031.4096422,1602575031.4096422,1602575031.4096422,1602575031.4096422,1602575031.4096422,1602575031.4096422
1602575031.4096422,1602575031.4096422,1602575031.4096422,1602575031.4096422,1602575031.4096422,1602575031.4096422,1602575031.4096422,1602575031.4096422,1602575031.4096422,1602575031.4096422
1602575031.4096422,1602575031.4096422,1602575031.4096422,1602575031.4096422,1602575031.4096422,1602575031.4096422,1602575031.4096422,1602575031.4096422,1602575031.4096422,1602575031.4096422
1560151921.0875084,1560151921.0875084,1560151921.0875084,1560151921.0875084,1560151921.0875084,1560151921.0875084,1560151921.0875084,1560151921.0875084,1560151921.0875084,1560151921.0875084
1492979764.2786226,1492979764.2786226,1492979764.2786226,1492979764.2786226,1492979764.2786226,1492979764.2786226,1492979764.2786226,1492979764.2786226,1492979764.2786226,1492979764.2786226
1492979764.2786226,1492979764.2786226,1492979764.2786226,1492979764.2786226,1492979764.2786226,1492979764.2786226,1492979764.2786226,1492979764.2786226,1492979764.2786226,1492979764.2786226
1492979764.2786226,1492979764.2786226,1492979764.2786226,1492979764.2786226,1492979764.2786226,1492979764.2786226,1492979764.2786226,1492979764.2786226,1492979764.2786226,1492979764.2786226
1492979764.2786226,1492979764.2786226,1492979764.2786226,1492979764.2786226,1492979764.2786226,1492979764.2786226,1492979764.2786226,1492979764.2786226,1492979764.2786226,1492979764.2786226
1483850064.7680087,1483850064.7680087,1483850064.7680087,1483850064.7680087,1483850064.7680087,1483850064.7680087,1483850064.7680087,1483850064.7680087,1483850064.7680087,1483850064.7680087
1483850064.7680087,1483850064.7680087,1483850064.7680087,1483850064.7680087,1483850064.7680087,1483850064.7680087,1483850064.7680087,1483850064.7680087,1483850064.7680087,1483850064.7680087
1483850064.7680087,1483850064.7680087,1483850064.7680087,1483850064.7680087,1483850064.7680087,1483850064.7680087,1483850064.7680087,1483850064.7680087,1483850064.7680087,1483850064.7680087
1483850064.7680087,1483850064.7680087,1483850064.7680087,1483850064.7680087,1483850064.7680087,1483850064.7680087,1483850064.7680087,1483850064.7680087,1483850064.7680087,1483850064.7680087
1483850064.7680087,1483850064.7680087,1483850064.7680087,1483850064.7680087,1483850064.7680087,1483850064.7680087,1483850064.7680087,1483850064.7680087,1483850064.7680087,1483850064.7680087
1483850064.7680087,1483850064.7680087,1483850064.7680087,1483850064.7680087,1483850064.7680087,1483850064.7680087,1483850064.7680087,1483850064.7680087,1483850064.7680087,1483850064.7680087
1483850064.7680087,1483850064.7680087,1483850064.7680087,1483850064.7680087,1483850064.7680087,1483850064.7680087,1483850064.7680087,1483850064.7680087,1483850064.7680087,1483850064.7680087
1429170958.5933568,1429170958.5933568,1429170958.5933568,1429170958.5933568,1429170958.5933568,1429170958.5933568,1429170958.5933568,1429170958.5933568,1429170958.5933568,1429170958.5933568
1428286996.5018077,1428286996.5018077,1428286996.5018077,1428286996.5018077,1428286996.5018077,1428286996.5018077,1428286996.5018077,1428286996.5018077,1428286996.5018077,1428286996.5018077
1428286996.5018077,1428286996.5018077,1428286996.5018077,1428286996.5018077,1428286996.5018077,1428286996.5018077,1428286996.5018077,1428286996.5018077,1428286996.5018077,1428286996.5018077
1428286996.5018077,1428286996.5018077,1428286996.5018077,1428286996.5018077,1428286996.5018077,1428286996.5018077,1428286996.5018077,1428286996.5018077,1428286996.5018077,1428286996.5018077
1428286996.5018077,1428286996.5018077,1428286996.5018077,1428286996.5018077,1428286996.5018077,1428286996.5018077,1428286996.5018077,1428286996.5018077,1428286996.5018077,1428286996.5018077
1428286996.5018077,1428286996.5018077,1428286996.5018077,1428286996.5018077,1428286996.5018077,1428286996.5018077,1428286996.5018077,1428286996.5018077,1428286996.5018077,1428286996.5018077
1428286996.5018077,1428286996.5018077,1428286996.5018077,1428286996.5018077,1428286996.5018077,1428286996.5018077,1428286996.5018077,1428286996.5018077,1428286996.5018077,1428286996.5018077
1428286996.5018077,1428286996.5018077,1428286996.5018077,1428286996.5018077,1428286996.5018077,1428286996.5018077,1428286996.5018077,1428286996.5018077,1428286996.5018077,1428286996.5018077
1396989362.1917164,1396989362.1917164,1396989362.1917164,1396989362.1917164,1396989362.1917164,1396989362.1917164,1396989362.1917164,1396989362.1917164,1396989362.1917164,1396989362.1917164
1396989362.1917164,1396989362.1917164,1396989362.1917164,1396989362.1917164,1396989362.1917164,1396989362.1917164,1396989362.1917164,1396989362.1917164,1396989362.1917164,1396989362.1917164
1396989362.1917164,1396989362.1917164,1396989362.1917164,1396989362.1917164,1396989362.1917164,1396989362.1917164,1396989362.1917164,1396989362.1917164,1396989362.1917164,1396989362.1917164
1396989362.1917164,1396989362.1917164,1396989362.1917164,1396989362.1917164,1396989362.1917164,1396989362.1917164,1396989362.1917164,1396989362.1917164,1396989362.1917164,1396989362.1917164
1396989362.1917164,1396989362.1917164,1396989362.1917164,1396989362.1917164,1396989362.1917164,1396989362.1917164,1396989362.1917164,1396989362.1917164,1396989362.1917164,1396989362.1917164
1396989362.1917164,1396989362.1917164,1396989362.1917164,1396989362.1917164,1396989362.1917164,1396989362.1917164,1396989362.1917164,1396989362.1917164,1396989362.1917164,1396989362.1917164
1396989362.1917164,1396989362.1917164,1396989362.1917164,1396989362.1917164,1396989362.1917164,1396989362.1917164,1396989362.1917164,1396989362.1917164,1396989362.1917164,1396989362.1917164
1396989362.1917164,1396989362.1917164,1396989362.1917164,1396989362.1917164,1396989362.1917164,1396989362.1917164,1396989362.1917164,1396989362.1917164,1396989362.1917164,1396989362.1917164
1396989362.1917164,1396989362.1917164,1396989362.1917164,1396989362.1917164,1396989362.1917164,1396989362.1917164,1396989362.1917164,1396989362.1917164,1396989362.1917164,1396989362.1917164
1396989362.1917164,1396989362.1917164,1396989362.1917164,1396989362.1917164,1396989362.1917164,1396989362.1917164,1396989362.1917164,1396989362.1917164,1396989362.1917164,1396989362.1917164
1396989362.1917164,1396989362.1917164,1396989362.1917164,1396989362.1917164,1396989362.1917164,1396989362.1917164,1396989362.1917164,1396989362.1917164,1396989362.1917164,1396989362.1917164
1396989362.1917164,1396989362.1917164,1396989362.1917164,1396989362.1917164,1396989362.1917164,1396989362.1917164,1396989362.1917164,1396989362.1917164,1396989362.1917164,1396989362.1917164
1396989362.1917164,1396989362.1917164,1396989362.1917164,1396989362.1917164,1396989362.1917164,1396989362.1917164,1396989362.1917164,1396989362.1917164,1396989362.1917164,1396989362.1917164
1396989362.1917164,1396989362.1917164,1396989362.1917164,1396989362.1917164,1396989362.1917164,1396989362.1917164,1396989362.1917164,1396989362.1917164,1396989362.1917164,1396989362.1917164
1396989362.1917164,1396989362.1917164,1396989362.1917164,1396989362.1917164,1396989362.1917164,1396989362.1917164,1396989362.1917164,1396989362.1917164,1396989362.1917164,1396989362.1917164
1367130244.139816,1367130244.139816,1367130244.139816,1367130244.139816,1367130244.139816,1367130244.139816,1367130244.139816,1367130244.139816,1367130244.139816,1367130244.139816
1367130244.139816,1367130244.139816,1367130244.139816,1367130244.139816,1367130244.139816,1367130244.139816,1367130244.139816,1367130244.139816,1367130244.139816,1367130244.139816
1367130244.139816,1367130244.139816,1367130244.139816,1367130244.139816,1367130244.139816,1367130244.139816,1367130244.139816,1367130244.139816,1367130244.139816,1367130244.139816
1367130244.139816,1367130244.139816,1367130244.139816,1367130244.139816,1367130244.139816,1367130244.139816,1367130244.139816,1367130244.139816,1367130244.139816,1367130244.139816
1367130244.139816,1367130244.139816,1367130244.139816,1367130244.139816,1367130244.139816,1367130244.139816,1367130244.139816,1367130244.139816,1367130244.139816,1367130244.139816
1350757123.1867406,1350757123.1867406,1350757123.1867406,1350757123.1867406,1350757123.1867406,1350757123.1867406,1350757123.1867406,1350757123.1867406,1350757123.1867406,1350757123.1867406
1350757123.1867406,1350757123.1867406,1350757123.1867406,1350757123.1867406,1350757123.1867406,1350757123.1867406,1350757123.1867406,1350757123.1867406,1350757123.1867406,1350757123.1867406
1350757123.1867406,1350757123.1867406,1350757123.1867406,1350757123.1867406,1350757123.1867406,1350757123.1867406,1350757123.1867406,1350757123.1867406,1350757123.1867406,1350757123.1867406
1350757123.1867406,1350757123.1867406,1350757123.1867406,1350757123.1867406,1350757123.1867406,1350757123.1867406,1350757123.1867406,1350757123.1867406,1350757123.1867406,1350757123.1867406
1350757123.1867406,1350757123.1867406,1350757123.1867406,1350757123.1867406,1350757123.1867406,1350757123.1867406,1350757123.1867406,1350757123.1867406,1350757123.1867406,1350757123.1867406
1350757123.1867406,1350757123.1867406,1350757123.1867406,1350757123.1867406,1350757123.1867406,1350757123.1867406,1350757123.1867406,1350757123.1867406,1350757123.1867406,1350757123.1867406
1350757123.1867406,1350757123.1867406,1350757123.1867406,1350757123.1867406,1350757123.1867406,1350757123.1867406,1350757123.1867406,1350757123.1867406,1350757123.1867406,1350757123.1867406
1317956178.1230226,1317956178.1230226,1317956178.1230226,1317956178.1230226,1317956178.1230226,1317956178.1230226,1317956178.1230226,1317956178.1230226,1317956178.1230226,1317956178.1230226
1317956178.1230226,1317956178.1230226,1317956178.1230226,1317956178.1230226,1317956178.1230226,1317956178.1230226,1317956178.1230226,1317956178.1230226,1317956178.1230226,1317956178.1230226
1317956178.1230226,1317956178.1230226,1317956178.1230226,1317956178.1230226,1317956178.1230226,1317956178.1230226,1317956178.1230226,1317956178.1230226,1317956178.1230226,1317956178.1230226
1305587281.0542371,1305587281.0542371,1305587281.0542371,1305587281.0542371,1305587281.0542371,1305587281.0542371,1305587281.0542371,1305587281.0542371,1305587281.0542371,1305587281.0542371
1303391939.5414512,1303391939.5414512,1303391939.5414512,1303391939.5414512,1303391939.5414512,1303391939.5414512,1303391939.5414512,1303391939.5414512,1303391939.5414512,1303391939.5414512
1303391939.5414512,1303391939.5414512,1303391939.5414512,1303391939.5414512,1303391939.5414512,1303391939.5414512,1303391939.5414512,1303391939.5414512,1303391939.5414512,1303391939.5414512
1303391939.5414512,1303391939.5414512,1303391939.5414512,1303391939.5414512,1303391939.5414512,1303391939.5414512,1303391939.5414512,1303391939.5414512,1303391939.5414512,1303391939.5414512
1303391939.5414512,1303391939.5414512,1303391939.5414512,1303391939.5414512,1303391939.5414512,1303391939.5414512,1303391939.5414512,1303391939.5414512,1303391939.5414512,1303391939.5414512
1303391939.5414512,1303391939.5414512,1303391939.5414512,1303391939.5414512,1303391939.5414512,1303391939.5414512,1303391939.5414512,1303391939.5414512,1303391939.5414512,1303391939.5414512
1303391939.5414512,1303391939.5414512,1303391939.5414512,1303391939.5414512,1303391939.5414512,1303391939.5414512,1303391939.5414512,1303391939.5414512,1303391939.5414512,1303391939.5414512
1303391939.5414512,1303391939.5414512,1303391939.5414512,1303391939.5414512,1303391939.5414512,1303391939.5414512,1303391939.5414512,1303391939.5414512,1303391939.5414512,1303391939.5414512
1303391939.5414512,1303391939.5414512,1303391939.5414512,1303391939.5414512,1303391939.5414512,1303391939.5414512,1303391939.5414512,1303391939.5414512,1303391939.5414512,1303391939.5414512
1303391939.5414512,1303391939.5414512,1303391939.5414512,1303391939.5414512,1303391939.5414512,1303391939.5414512,1303391939.5414512,1303391939.5414512,1303391939.5414512,1303391939.5414512
1303391939.5414512,1303391939.5414512,1303391939.5414512,1303391939.5414512,1303391939.5414512,1303391939.5414512,1303391939.5414512,1303391939.5414512,1303391939.5414512,1303391939.5414512
1303391939.5414512,1303391939.5414512,1303391939.5414512,1303391939.5414512,1303391939.5414512,1303391939.5414512,1303391939.5414512,1303391939.5414512,1303391939.5414512,1303391939.5414512
1303391939.5414512,1303391939.5414512,1303391939.5414512,1303391939.5414512,1303391939.5414512,1303391939.5414512,1303391939.5414512,1303391939.5414512,1303391939.5414512,1303391939.5414512
1303391939.5414512,1303391939.5414512,1303391939.5414512,1303391939.5414512,1303391939.5414512,1303391939.5414512,1303391939.5414512,1303391939.5414512,1303391939.5414512,1303391939.5414512
1303391939.5414512,1303391939.5414512,1303391939.5414512,1303391939.5414512,1303391939.5414512,1303391939.5414512,1303391939.5414512,1303391939.5414512,1303391939.5414512,1303391939.5414512
1303391939.5414512,1303391939.5414512,1303391939.5414512,1303391939.5414512,1303391939.5414512,1303391939.5414512,1303391939.5414512,1303391939.5414512,1303391939.5414512,1303391939.5414512
1272323078.6580048,1272323078.6580048,1272323078.6580048,1272323078.6580048,1272323078.6580048,1272323078.6580048,1272323078.6580048,1272323078.6580048,1272323078.6580048,1272323078.6580048
1272323078.6580048,1272323078.6580048,1272323078.6580048,1272323078.6580048,1272323078.6580048,1272323078.6580048,1272323078.6580048,1272323078.6580048,1272323078.6580048,1272323078.6580048
1236273821.2686923,1236273821.2686923,1236273821.2686923,1236273821.2686923,1236273821.2686923,1236273821.2686923,1236273821.2686923,1236273821.2686923,1236273821.2686923,1236273821.2686923
1236273821.2686923,1236273821.2686923,1236273821.2686923,1236273821.2686923,1236273821.2686923,1236273821.2686923,1236273821.2686923,1236273821.2686923,1236273821.2686923,1236273821.2686923
1236273821.2686923,1236273821.2686923,1236273821.2686923,1236273821.2686923,1236273821.2686923,1236273821.2686923,1236273821.2686923,1236273821.2686923,1236273821.2686923,1236273821.2686923
1175960171.6073382,1175960171.6073382,1175960171.6073382,1175960171.6073382,1175960171.6073382,1175960171.6073382,1175960171.6073382,1175960171.6073382,1175960171.6073382,1175960171.6073382
1175960171.6073382,1175960171.6073382,1175960171.6073382,1175960171.6073382,1175960171.6073382,1175960171.6073382,1175960171.6073382,1175960171.6073382,1175960171.6073382,1175960171.6073382
1175960171.6073382,1175960171.6073382,1175960171.6073382,1175960171.6073382,1175960171.6073382,1175960171.6073382,1175960171.6073382,1175960171.6073382,1175960171.6073382,1175960171.6073382
1148535914.7177935,1148535914.7177935,1148535914.7177935,1148535914.7177935,1148535914.7177935,1148535914.7177935,1148535914.7177935,1148535914.7177935,1148535914.7177935,1148535914.7177935
1148535914.7177935,1148535914.7177935,1148535914.7177935,1148535914.7177935,1148535914.7177935,1148535914.7177935,1148535914.7177935,1148535914.7177935,1148535914.7177935,1148535914.7177935
1147257056.1276689,1147257056.1276689,1147257056.1276689,1147257056.1276689,1147257056.1276689,1147257056.1276689,1147257056.1276689,1147257056.1276689,1147257056.1276689,1147257056.1276689
1147257056.1276689,1147257056.1276689,1147257056.1276689,1147257056.1276689,1147257056.1276689,1147257056.1276689,1147257056.1276689,1147257056.1276689,1147257056.1276689,1147257056.1276689
1114936575.8180842,1114936575.8180842,1114936575.8180842,1114936575.8180842,1114936575.8180842,1114936575.8180842,1114936575.8180842,1114936575.8180842,1114936575.8180842,1114936575.8180842
1114936575.8180842,1114936575.8180842,1114936575.8180842,1114936575.8180842,1114936575.8180842,1114936575.8180842,1114936575.8180842,1114936575.8180842,1114936575.8180842,1114936575.8180842
1114936575.8180842,1114936575.8180842,1114936575.8180842,1114936575.8180842,1114936575.8180842,1114936575.8180842,1114936575.8180842,1114936575.8180842,1114936575.8180842,1114936575.8180842
1114936575.8180842,1114936575.8180842,1114936575.8180842,1114936575.8180842,1114936575.8180842,1114936575.8180842,1114936575.8180842,1114936575.8180842,1114936575.8180842,1114936575.8180842
1114936575.8180842,1114936575.8180842,1114936575.8180842,1114936575.8180842,1114936575.8180842,1114936575.8180842,1114936575.8180842,1114936575.8180842,1114936575.8180842,1114936575.8180842
1043958397.2277297,1043958397.2277297,1043958397.2277297,1043958397.2277297,1043958397.2277297,1043958397.2277297,1043958397.2277297,1043958397.2277297,1043958397.2277297,1043958397.2277297
1043958397.2277297,1043958397.2277297,1043958397.2277297,1043958397.2277297,1043958397.2277297,1043958397.2277297,1043958397.2277297,1043958397.2277297,1043958397.2277297,1043958397.2277297
1043958397.2277297,1043958397.2277297,1043958397.2277297,1043958397.2277297,1043958397.2277297,1043958397.2277297,1043958397.2277297,1043958397.2277297,1043958397.2277297,1043958397.2277297
1043958397.2277297,1043958397.2277297,1043958397.2277297,1043958397.2277297,1043958397.2277297,1043958397.2277297,1043958397.2277297,1043958397.2277297,1043958397.2277297,1043958397.2277297
1043958397.2277297,1043958397.2277297,1043958397.2277297,1043958397.2277297,1043958397.2277297,1043958397.2277297,1043958397.2277297,1043958397.2277297,1043958397.2277297,1043958397.2277297
1043958397.2277297,1043958397.2277297,1043958397.2277297,1043958397.2277297,1043958397.2277297,1043958397.2277297,1043958397.2277297,1043958397.2277297,1043958397.2277297,1043958397.2277297
1043958397.2277297,1043958397.2277297,1043958397.2277297,1043958397.2277297,1043958397.2277297,1043958397.2277297,1043958397.2277297,1043958397.2277297,1043958397.2277297,1043958397.2277297
1043958397.2277297,1043958397.2277297,1043958397.2277297,1043958397.2277297,1043958397.2277297,1043958397.2277297,1043958397.2277297,1043958397.2277297,1043958397.2277297,1043958397.2277297
1043958397.2277297,1043958397.2277297,1043958397.2277297,1043958397.2277297,1043958397.2277297,1043958397.2277297,1043958397.2277297,1043958397.2277297,1043958397.2277297,1043958397.2277297
1043958397.2277297,1043958397.2277297,1043958397.2277297,1043958397.2277297,1043958397.2277297,1043958397.2277297,1043958397.2277297,1043958397.2277297,1043958397.2277297,1043958397.2277297
1043958397.2277297,1043958397.2277297,1043958397.2277297,1043958397.2277297,1043958397.2277297,1043958397.2277297,1043958397.2277297,1043958397.2277297,1043958397.2277297,1043958397.2277297
1043958397.2277297,1043958397.2277297,1043958397.2277297,1043958397.2277297,1043958397.2277297,1043958397.2277297,1043958397.2277297,1043958397.2277297,1043958397.2277297,1043958397.2277297
1043958397.2277297,1043958397.2277297,1043958397.2277297,1043958397.2277297,1043958397.2277297,1043958397.2277297,1043958397.2277297,1043958397.2277297,1043958397.2277297,1043958397.2277297
1043958397.2277297,1043958397.2277297,1043958397.2277297,1043958397.2277297,1043958397.2277297,1043958397.2277297,1043958397.2277297,1043958397.2277297,1043958397.2277297,1043958397.2277297
1043958397.2277297,1043958397.2277297,1043958397.2277297,1043958397.2277297,1043958397.2277297,1043958397.2277297,1043958397.2277297,1043958397.2277297,1043958397.2277297,1043958397.2277297
1043958397.2277297,1043958397.2277297,1043958397.2277297,1043958397.2277297,1043958397.2277297,1043958397.2277297,1043958397.2277297,1043958397.2277297,1043958397.2277297,1043958397.2277297
1043958397.2277297,1043958397.2277297,1043958397.2277297,1043958397.2277297,1043958397.2277297,1043958397.2277297,1043958397.2277297,1043958397.2277297,1043958397.2277297,1043958397.2277297
1041083931.2511623,1041083931.2511623,1041083931.2511623,1041083931.2511623,1041083931.2511623,1041083931.2511623,1041083931.2511623,1041083931.2511623,1041083931.2511623,1041083931.2511623
993444671.6573333,993444671.6573333,993444671.6573333,993444671.6573333,993444671.6573333,993444671.6573333,993444671.6573333,993444671.6573333,993444671.6573333,993444671.6573333
993444671.6573333,993444671.6573333,993444671.6573333,993444671.6573333,993444671.6573333,993444671.6573333,993444671.6573333,993444671.6573333,993444671.6573333,993444671.6573333
993444671.6573333,993444671.6573333,993444671.6573333,993444671.6573333,993444671.6573333,993444671.6573333,993444671.6573333,993444671.6573333,993444671.6573333,993444671.6573333
993444671.6573333,993444671.6573333,993444671.6573333,993444671.6573333,993444671.6573333,993444671.6573333,993444671.6573333,993444671.6573333,993444671.6573333,993444671.6573333
993444671.6573333,993444671.6573333,993444671.6573333,993444671.6573333,993444671.6573333,993444671.6573333,993444671.6573333,993444671.6573333,993444671.6573333,993444671.6573333
993444671.6573333,993444671.6573333,993444671.6573333,993444671.6573333,993444671.6573333,993444671.6573333,993444671.6573333,993444671.6573333,993444671.6573333,993444671.6573333
993444671.6573333,993444671.6573333,993444671.6573333,993444671.6573333,993444671.6573333,993444671.6573333,993444671.6573333,993444671.6573333,993444671.6573333,993444671.6573333
993444671.6573333,993444671.6573333,993444671.6573333,993444671.6573333,993444671.6573333,993444671.6573333,993444671.6573333,993444671.6573333,993444671.6573333,993444671.6573333
993444671.6573333,993444671.6573333,993444671.6573333,993444671.6573333,993444671.6573333,993444671.6573333,993444671.6573333,993444671.6573333,993444671.6573333,993444671.6573333
993444671.6573333,993444671.6573333,993444671.6573333,993444671.6573333,993444671.6573333,993444671.6573333,993444671.6573333,993444671.6573333,993444671.6573333,993444671.6573333
993444671.6573333,993444671.6573333,993444671.6573333,993444671.6573333,993444671.6573333,993444671.6573333,993444671.6573333,993444671.6573333,993444671.6573333,993444671.6573333
993444671.6573333,993444671.6573333,993444671.6573333,993444671.6573333,993444671.6573333,993444671.6573333,993444671.6573333,993444671.6573333,993444671.6573333,993444671.6573333
993444671.6573333,993444671.6573333,993444671.6573333,993444671.6573333,993444671.6573333,993444671.6573333,993444671.6573333,993444671.6573333,993444671.6573333,993444671.6573333
987276716.9406463,987276716.9406463,987276716.9406463,987276716.9406463,987276716.9406463,987276716.9406463,987276716.9406463,987276716.9406463,987276716.9406463,987276716.9406463
987276716.9406463,987276716.9406463,987276716.9406463,987276716.9406463,987276716.9406463,987276716.9406463,987276716.9406463,987276716.9406463,987276716.9406463,987276716.9406463
987276716.9406463,987276716.9406463,987276716.9406463,987276716.9406463,987276716.9406463,987276716.9406463,987276716.9406463,987276716.9406463,987276716.9406463,987276716.9406463
987276716.9406463,987276716.9406463,987276716.9406463,987276716.9406463,987276716.9406463,987276716.9406463,987276716.9406463,987276716.9406463,987276716.9406463,987276716.9406463
987276716.9406463,987276716.9406463,987276716.9406463,987276716.9406463,987276716.9406463,987276716.9406463,987276716.9406463,987276716.9406463,987276716.9406463,987276716.9406463
987276716.9406463,987276716.9406463,987276716.9406463,987276716.9406463,987276716.9406463,987276716.9406463,987276716.9406463,987276716.9406463,987276716.9406463,987276716.9406463
987276716.9406463,987276716.9406463,987276716.9406463,987276716.9406463,987276716.9406463,987276716.9406463,987276716.9406463,987276716.9406463,987276716.9406463,987276716.9406463
987276716.9406463,987276716.9406463,987276716.9406463,987276716.9406463,987276716.9406463,987276716.9406463,987276716.9406463,987276716.9406463,987276716.9406463,987276716.9406463
987276716.9406463,987276716.9406463,987276716.9406463,987276716.9406463,987276716.9406463,987276716.9406463,987276716.9406463,987276716.9406463,987276716.9406463,987276716.9406463
987276716.9406463,987276716.9406463,987276716.9406463,987276716.9406463,987276716.9406463,987276716.9406463,987276716.9406463,987276716.9406463,987276716.9406463,987276716.9406463
987276716.9406463,987276716.9406463,987276716.9406463,987276716.9406463,987276716.9406463,987276716.9406463,987276716.9406463,987276716.9406463,987276716.9406463,987276716.9406463
982399618.777588,982399618.777588,982399618.777588,982399618.777588,982399618.777588,982399618.777588,982399618.777588,982399618.777588,982399618.777588,982399618.777588
982399618.777588,982399618.777588,982399618.777588,982399618.777588,982399618.777588,982399618.777588,982399618.777588,982399618.777588,982399618.777588,982399618.777588
982399618.777588,982399618.777588,982399618.777588,982399618.777588,982399618.777588,982399618.777588,982399618.777588,982399618.777588,982399618.777588,982399618.777588
982399618.777588,982399618.777588,982399618.777588,982399618.777588,982399618.777588,982399618.777588,982399618.777588,982399618.777588,982399618.777588,982399618.777588
982399618.777588,982399618.777588,982399618.777588,982399618.777588,982399618.777588,982399618.777588,982399618.777588,982399618.777588,982399618.777588,982399618.777588
982399618.777588,982399618.777588,982399618.777588,982399618.777588,982399618.777588,982399618.777588,982399618.777588,982399618.777588,982399618.777588,982399618.777588
969472654.8094867,969472654.8094867,969472654.8094867,969472654.8094867,969472654.8094867,969472654.8094867,969472654.8094867,969472654.8094867,969472654.8094867,969472654.8094867
969472654.8094867,969472654.8094867,969472654.8094867,969472654.8094867,969472654.8094867,969472654.8094867,969472654.8094867,969472654.8094867,969472654.8094867,969472654.8094867
969472654.8094867,969472654.8094867,969472654.8094867,969472654.8094867,969472654.8094867,969472654.8094867,969472654.8094867,969472654.8094867,969472654.8094867,969472654.8094867
969472654.8094867,969472654.8094867,969472654.8094867,969472654.8094867,969472654.8094867,969472654.8094867,969472654.8094867,969472654.8094867,969472654.8094867,969472654.8094867
969472654.8094867,969472654.8094867,969472654.8094867,969472654.8094867,969472654.8094867,969472654.8094867,969472654.8094867,969472654.8094867,969472654.8094867,969472654.8094867
969472654.8094867,969472654.8094867,969472654.8094867,969472654.8094867,969472654.8094867,969472654.8094867,969472654.8094867,969472654.8094867,969472654.8094867,969472654.8094867
969472654.8094867,969472654.8094867,969472654.8094867,969472654.8094867,969472654.8094867,969472654.8094867,969472654.8094867,969472654.8094867,969472654.8094867,969472654.8094867
969472654.8094867,969472654.8094867,969472654.8094867,969472654.8094867,969472654.8094867,969472654.8094867,969472654.8094867,969472654.8094867,969472654.8094867,969472654.8094867
969472654.8094867,969472654.8094867,969472654.8094867,969472654.8094867,969472654.8094867,969472654.8094867,969472654.8094867,969472654.8094867,969472654.8094867,969472654.8094867
969472654.8094867,969472654.8094867,969472654.8094867,969472654.8094867,969472654.8094867,969472654.8094867,969472654.8094867,969472654.8094867,969472654.8094867,969472654.8094867
885209628.5924885,885209628.5924885,885209628.5924885,885209628.5924885,885209628.5924885,885209628.5924885,885209628.5924885,885209628.5924885,885209628.5924885,885209628.5924885
885209628.5924885,885209628.5924885,885209628.5924885,885209628.5924885,885209628.5924885,885209628.5924885,885209628.5924885,885209628.5924885,885209628.5924885,885209628.5924885
885209628.5924885,885209628.5924885,885209628.5924885,885209628.5924885,885209628.5924885,885209628.5924885,885209628.5924885,885209628.5924885,885209628.5924885,885209628.5924885
885209628.5924885,885209628.5924885,885209628.5924885,885209628.5924885,885209628.5924885,885209628.5924885,885209628.5924885,885209628.5924885,885209628.5924885,885209628.5924885
885209628.5924885,885209628.5924885,885209628.5924885,885209628.5924885,885209628.5924885,885209628.5924885,885209628.5924885,885209628.5924885,885209628.5924885,885209628.5924885
885209628.5924885,885209628.5924885,885209628.5924885,885209628.5924885,885209628.5924885,885209628.5924885,885209628.5924885,885209628.5924885,885209628.5924885,885209628.5924885
885209628.5924885,885209628.5924885,885209628.5924885,885209628.5924885,885209628.5924885,885209628.5924885,885209628.5924885,885209628.5924885,885209628.5924885,885209628.5924885
885209628.5924885,885209628.5924885,885209628.5924885,885209628.5924885,885209628.5924885,885209628.5924885,885209628.5924885,885209628.5924885,885209628.5924885,885209628.5924885
885209628.5924885,885209628.5924885,885209628.5924885,885209628.5924885,885209628.5924885,885209628.5924885,885209628.5924885,885209628.5924885,885209628.5924885,885209628.5924885
874072672.8389461,874072672.8389461,874072672.8389461,874072672.8389461,874072672.8389461,874072672.8389461,874072672.8389461,874072672.8389461,874072672.8389461,874072672.8389461
874072672.8389461,874072672.8389461,874072672.8389461,874072672.8389461,874072672.8389461,874072672.8389461,874072672.8389461,874072672.8389461,874072672.8389461,874072672.8389461
865067064.679981,865067064.679981,865067064.679981,865067064.679981,865067064.679981,865067064.679981,865067064.679981,865067064.679981,865067064.679981,865067064.679981
865067064.679981,865067064.679981,865067064.679981,865067064.679981,865067064.679981,865067064.679981,865067064.679981,865067064.679981,865067064.679981,865067064.679981
865067064.679981,865067064.679981,865067064.679981,865067064.679981,865067064.679981,865067064.679981,865067064.679981,865067064.679981,865067064.679981,865067064.679981
865067064.679981,865067064.679981,865067064.679981,865067064.679981,865067064.679981,865067064.679981,865067064.679981,865067064.679981,865067064.679981,865067064.679981
865067064.679981,865067064.679981,865067064.679981,865067064.679981,865067064.679981,865067064.679981,865067064.679981,865067064.679981,865067064.679981,865067064.679981
865067064.679981,865067064.679981,865067064.679981,865067064.679981,865067064.679981,865067064.679981,865067064.679981,865067064.679981,865067064.679981,865067064.679981
865067064.679981,865067064.679981,865067064.679981,865067064.679981,865067064.679981,865067064.679981,865067064.679981,865067064.679981,865067064.679981,865067064.679981
865067064.679981,865067064.679981,865067064.679981,865067064.679981,865067064.679981,865067064.679981,865067064.679981,865067064.679981,865067064.679981,865067064.679981
865067064.679981,865067064.679981,865067064.679981,865067064.679981,865067064.679981,865067064.679981,865067064.679981,865067064.679981,865067064.679981,865067064.679981
843495928.3268744,843495928.3268744,843495928.3268744,843495928.3268744,843495928.3268744,843495928.3268744,843495928.3268744,843495928.3268744,843495928.3268744,843495928.3268744
843495928.3268744,843495928.3268744,843495928.3268744,843495928.3268744,843495928.3268744,843495928.3268744,843495928.3268744,843495928.3268744,843495928.3268744,843495928.3268744
840324351.4354075,840324351.4354075,840324351.4354075,840324351.4354075,840324351.4354075,840324351.4354075,840324351.4354075,840324351.4354075,840324351.4354075,840324351.4354075
840324351.4354075,840324351.4354075,840324351.4354075,840324351.4354075,840324351.4354075,840324351.4354075,840324351.4354075,840324351.4354075,840324351.4354075,840324351.4354075
833616477.1097721,833616477.1097721,833616477.1097721,833616477.1097721,833616477.1097721,833616477.1097721,833616477.1097721,833616477.1097721,833616477.1097721,833616477.1097721
833616477.1097721,833616477.1097721,833616477.1097721,833616477.1097721,833616477.1097721,833616477.1097721,833616477.1097721,833616477.1097721,833616477.1097721,833616477.1097721
830387659.7056215,830387659.7056215,830387659.7056215,830387659.7056215,830387659.7056215,830387659.7056215,830387659.7056215,830387659.7056215,830387659.7056215,830387659.7056215
830358681.43289,830358681.43289,830358681.43289,830358681.43289,830358681.43289,830358681.43289,830358681.43289,830358681.43289,830358681.43289,830358681.43289
830358681.43289,830358681.43289,830358681.43289,830358681.43289,830358681.43289,830358681.43289,830358681.43289,830358681.43289,830358681.43289,830358681.43289
815531088.1496218,815531088.1496218,815531088.1496218,815531088.1496218,815531088.1496218,815531088.1496218,815531088.1496218,815531088.1496218,815531088.1496218,815531088.1496218
812733752.380795,812733752.380795,812733752.380795,812733752.380795,812733752.380795,812733752.380795,812733752.380795,812733752.380795,812733752.380795,812733752.380795
812733752.380795,812733752.380795,812733752.380795,812733752.380795,812733752.380795,812733752.380795,812733752.380795,812733752.380795,812733752.380795,812733752.380795
808325263.0877391,808325263.0877391,808325263.0877391,808325263.0877391,808325263.0877391,808325263.0877391,808325263.0877391,808325263.0877391,808325263.0877391,808325263.0877391
795509552.3758941,795509552.3758941,795509552.3758941,795509552.3758941,795509552.3758941,795509552.3758941,795509552.3758941,795509552.3758941,795509552.3758941,795509552.3758941
795509552.3758941,795509552.3758941,795509552.3758941,795509552.3758941,795509552.3758941,795509552.3758941,795509552.3758941,795509552.3758941,795509552.3758941,795509552.3758941
795509552.3758941,795509552.3758941,795509552.3758941,795509552.3758941,795509552.3758941,795509552.3758941,795509552.3758941,795509552.3758941,795509552.3758941,795509552.3758941
795509552.3758941,795509552.3758941,795509552.3758941,795509552.3758941,795509552.3758941,795509552.3758941,795509552.3758941,795509552.3758941,795509552.3758941,795509552.3758941
795509552.3758941,795509552.3758941,795509552.3758941,795509552.3758941,795509552.3758941,795509552.3758941,795509552.3758941,795509552.3758941,795509552.3758941,795509552.3758941
795509552.3758941,795509552.3758941,795509552.3758941,795509552.3758941,795509552.3758941,795509552.3758941,795509552.3758941,795509552.3758941,795509552.3758941,795509552.3758941
795509552.3758941,795509552.3758941,795509552.3758941,795509552.3758941,795509552.3758941,795509552.3758941,795509552.3758941,795509552.3758941,795509552.3758941,795509552.3758941
795509552.3758941,795509552.3758941,795509552.3758941,795509552.3758941,795509552.3758941,795509552.3758941,795509552.3758941,795509552.3758941,795509552.3758941,795509552.3758941
795509552.3758941,795509552.3758941,795509552.3758941,795509552.3758941,795509552.3758941,795509552.3758941,795509552.3758941,795509552.3758941,795509552.3758941,795509552.3758941
795509552.3758941,795509552.3758941,795509552.3758941,795509552.3758941,795509552.3758941,795509552.3758941,795509552.3758941,795509552.3758941,795509552.3758941,795509552.3758941
795509552.3758941,795509552.3758941,795509552.3758941,795509552.3758941,795509552.3758941,795509552.3758941,795509552.3758941,795509552.3758941,795509552.3758941,795509552.3758941
795509552.3758941,795509552.3758941,795509552.3758941,795509552.3758941,795509552.3758941,795509552.3758941,795509552.3758941,795509552.3758941,795509552.3758941,795509552.3758941
795509552.3758941,795509552.3758941,795509552.3758941,795509552.3758941,795509552.3758941,795509552.3758941,795509552.3758941,795509552.3758941,795509552.3758941,795509552.3758941
795509552.3758941,795509552.3758941,795509552.3758941,795509552.3758941,795509552.3758941,795509552.3758941,795509552.3758941,795509552.3758941,795509552.3758941,795509552.3758941
795509552.3758941,795509552.3758941,795509552.3758941,795509552.3758941,795509552.3758941,795509552.3758941,795509552.3758941,795509552.3758941,795509552.3758941,795509552.3758941
795509552.3758941,795509552.3758941,795509552.3758941,795509552.3758941,795509552.3758941,795509552.3758941,795509552.3758941,795509552.3758941,795509552.3758941,795509552.3758941
795509552.3758941,795509552.3758941,795509552.3758941,795509552.3758941,795509552.3758941,795509552.3758941,795509552.3758941,795509552.3758941,795509552.3758941,795509552.3758941
795509552.3758941,795509552.3758941,795509552.3758941,795509552.3758941,795509552.3758941,795509552.3758941,795509552.3758941,795509552.3758941,795509552.3758941,795509552.3758941
795509552.3758941,795509552.3758941,795509552.3758941,795509552.3758941,795509552.3758941,795509552.3758941,795509552.3758941,795509552.3758941,795509552.3758941,795509552.3758941
795509552.3758941,795509552.3758941,795509552.3758941,795509552.3758941,795509552.3758941,795509552.3758941,795509552.3758941,795509552.3758941,795509552.3758941,795509552.3758941
795509552.3758941,795509552.3758941,795509552.3758941,795509552.3758941,795509552.3758941,795509552.3758941,795509552.3758941,795509552.3758941,795509552.3758941,795509552.3758941
795509552.3758941,795509552.3758941,795509552.3758941,795509552.3758941,795509552.3758941,795509552.3758941,795509552.3758941,795509552.3758941,795509552.3758941,795509552.3758941
795509552.3758941,795509552.3758941,795509552.3758941,795509552.3758941,795509552.3758941,795509552.3758941,795509552.3758941,795509552.3758941,795509552.3758941,795509552.3758941
792918165.4094473,792918165.4094473,792918165.4094473,792918165.4094473,792918165.4094473,792918165.4094473,792918165.4094473,792918165.4094473,792918165.4094473,792918165.4094473
792918165.4094473,792918165.4094473,792918165.4094473,792918165.4094473,792918165.4094473,792918165.4094473,792918165.4094473,792918165.4094473,792918165.4094473,792918165.4094473
792918165.4094473,792918165.4094473,792918165.4094473,792918165.4094473,792918165.4094473,792918165.4094473,792918165.4094473,792918165.4094473,792918165.4094473,792918165.4094473
791166196.5306969,791166196.5306969,791166196.5306969,791166196.5306969,791166196.5306969,791166196.5306969,791166196.5306969,791166196.5306969,791166196.5306969,791166196.5306969
791166196.5306969,791166196.5306969,791166196.5306969,791166196.5306969,791166196.5306969,791166196.5306969,791166196.5306969,791166196.5306969,791166196.5306969,791166196.5306969
791166196.5306969,791166196.5306969,791166196.5306969,791166196.5306969,791166196.5306969,791166196.5306969,791166196.5306969,791166196.5306969,791166196.5306969,791166196.5306969
791166196.5306969,791166196.5306969,791166196.5306969,791166196.5306969,791166196.5306969,791166196.5306969,791166196.5306969,791166196.5306969,791166196.5306969,791166196.5306969
791166196.5306969,791166196.5306969,791166196.5306969,791166196.5306969,791166196.5306969,791166196.5306969,791166196.5306969,791166196.5306969,791166196.5306969,791166196.5306969
791166196.5306969,791166196.5306969,791166196.5306969,791166196.5306969,791166196.5306969,791166196.5306969,791166196.5306969,791166196.5306969,791166196.5306969,791166196.5306969
791166196.5306969,791166196.5306969,791166196.5306969,791166196.5306969,791166196.5306969,791166196.5306969,791166196.5306969,791166196.5306969,791166196.5306969,791166196.5306969
791166196.5306969,791166196.5306969,791166196.5306969,791166196.5306969,791166196.5306969,791166196.5306969,791166196.5306969,791166196.5306969,791166196.5306969,791166196.5306969
791166196.5306969,791166196.5306969,791166196.5306969,791166196.5306969,791166196.5306969,791166196.5306969,791166196.5306969,791166196.5306969,791166196.5306969,791166196.5306969
791166196.5306969,791166196.5306969,791166196.5306969,791166196.5306969,791166196.5306969,791166196.5306969,791166196.5306969,791166196.5306969,791166196.5306969,791166196.5306969
791166196.5306969,791166196.5306969,791166196.5306969,791166196.5306969,791166196.5306969,791166196.5306969,791166196.5306969,791166196.5306969,791166196.5306969,791166196.5306969
791166196.5306969,791166196.5306969,791166196.5306969,791166196.5306969,791166196.5306969,791166196.5306969,791166196.5306969,791166196.5306969,791166196.5306969,791166196.5306969
785545597.1145606,785545597.1145606,785545597.1145606,785545597.1145606,785545597.1145606,785545597.1145606,785545597.1145606,785545597.1145606,785545597.1145606,785545597.1145606
763343252.0885018,763343252.0885018,763343252.0885018,763343252.0885018,763343252.0885018,763343252.0885018,763343252.0885018,763343252.0885018,763343252.0885018,763343252.0885018
763343252.0885018,763343252.0885018,763343252.0885018,763343252.0885018,763343252.0885018,763343252.0885018,763343252.0885018,763343252.0885018,763343252.0885018,763343252.0885018
754436582.7881104,754436582.7881104,754436582.7881104,754436582.7881104,754436582.7881104,754436582.7881104,754436582.7881104,754436582.7881104,754436582.7881104,754436582.7881104
754436582.7881104,754436582.7881104,754436582.7881104,754436582.7881104,754436582.7881104,754436582.7881104,754436582.7881104,754436582.7881104,754436582.7881104,754436582.7881104
754436582.7881104,754436582.7881104,754436582.7881104,754436582.7881104,754436582.7881104,754436582.7881104,754436582.7881104,754436582.7881104,754436582.7881104,754436582.7881104
754436582.7881104,754436582.7881104,754436582.7881104,754436582.7881104,754436582.7881104,754436582.7881104,754436582.7881104,754436582.7881104,754436582.7881104,754436582.7881104
734964403.3754367,734964403.3754367,734964403.3754367,734964403.3754367,734964403.3754367,734964403.3754367,734964403.3754367,734964403.3754367,734964403.3754367,734964403.3754367
734964403.3754367,734964403.3754367,734964403.3754367,734964403.3754367,734964403.3754367,734964403.3754367,734964403.3754367,734964403.3754367,734964403.3754367,734964403.3754367
734964403.3754367,734964403.3754367,734964403.3754367,734964403.3754367,734964403.3754367,734964403.3754367,734964403.3754367,734964403.3754367,734964403.3754367,734964403.3754367
734964403.3754367,734964403.3754367,734964403.3754367,734964403.3754367,734964403.3754367,734964403.3754367,734964403.3754367,734964403.3754367,734964403.3754367,734964403.3754367
734727118.0687416,734727118.0687416,734727118.0687416,734727118.0687416,734727118.0687416,734727118.0687416,734727118.0687416,734727118.0687416,734727118.0687416,734727118.0687416
718704565.7046096,718704565.7046096,718704565.7046096,718704565.7046096,718704565.7046096,718704565.7046096,718704565.7046096,718704565.7046096,718704565.7046096,718704565.7046096
718704565.7046096,718704565.7046096,718704565.7046096,718704565.7046096,718704565.7046096,718704565.7046096,718704565.7046096,718704565.7046096,718704565.7046096,718704565.7046096
718704565.7046096,718704565.7046096,718704565.7046096,718704565.7046096,718704565.7046096,718704565.7046096,718704565.7046096,718704565.7046096,718704565.7046096,718704565.7046096
718704565.7046096,718704565.7046096,718704565.7046096,718704565.7046096,718704565.7046096,718704565.7046096,718704565.7046096,718704565.7046096,718704565.7046096,718704565.7046096
718704565.7046096,718704565.7046096,718704565.7046096,718704565.7046096,718704565.7046096,718704565.7046096,718704565.7046096,718704565.7046096,718704565.7046096,718704565.7046096
718704565.7046096,718704565.7046096,718704565.7046096,718704565.7046096,718704565.7046096,718704565.7046096,718704565.7046096,718704565.7046096,718704565.7046096,718704565.7046096
718704565.7046096,718704565.7046096,718704565.7046096,718704565.7046096,718704565.7046096,718704565.7046096,718704565.7046096,718704565.7046096,718704565.7046096,718704565.7046096
718704565.7046096,718704565.7046096,718704565.7046096,718704565.7046096,718704565.7046096,718704565.7046096,718704565.7046096,718704565.7046096,718704565.7046096,718704565.7046096
718704565.7046096,718704565.7046096,718704565.7046096,718704565.7046096,718704565.7046096,718704565.7046096,718704565.7046096,718704565.7046096,718704565.7046096,718704565.7046096
717706246.8933794,717706246.8933794,717706246.8933794,717706246.8933794,717706246.8933794,717706246.8933794,717706246.8933794,717706246.8933794,717706246.8933794,717706246.8933794
717706246.8933794,717706246.8933794,717706246.8933794,717706246.8933794,717706246.8933794,717706246.8933794,717706246.8933794,717706246.8933794,717706246.8933794,717706246.8933794
717706246.8933794,717706246.8933794,717706246.8933794,717706246.8933794,717706246.8933794,717706246.8933794,717706246.8933794,717706246.8933794,717706246.8933794,717706246.8933794
717706246.8933794,717706246.8933794,717706246.8933794,717706246.8933794,717706246.8933794,717706246.8933794,717706246.8933794,717706246.8933794,717706246.8933794,717706246.8933794
717706246.8933794,717706246.8933794,717706246.8933794,717706246.8933794,717706246.8933794,717706246.8933794,717706246.8933794,717706246.8933794,717706246.8933794,717706246.8933794
717706246.8933794,717706246.8933794,717706246.8933794,717706246.8933794,717706246.8933794,717706246.8933794,717706246.8933794,717706246.8933794,717706246.8933794,717706246.8933794
717706246.8933794,717706246.8933794,717706246.8933794,717706246.8933794,717706246.8933794,717706246.8933794,717706246.8933794,717706246.8933794,717706246.8933794,717706246.8933794
717706246.8933794,717706246.8933794,717706246.8933794,717706246.8933794,717706246.8933794,717706246.8933794,717706246.8933794,717706246.8933794,717706246.8933794,717706246.8933794
717706246.8933794,717706246.8933794,717706246.8933794,717706246.8933794,717706246.8933794,717706246.8933794,717706246.8933794,717706246.8933794,717706246.8933794,717706246.8933794
717706246.8933794,717706246.8933794,717706246.8933794,717706246.8933794,717706246.8933794,717706246.8933794,717706246.8933794,717706246.8933794,717706246.8933794,717706246.8933794
717706246.8933794,717706246.8933794,717706246.8933794,717706246.8933794,717706246.8933794,717706246.8933794,717706246.8933794,717706246.8933794,717706246.8933794,717706246.8933794
696574394.6796556,696574394.6796556,696574394.6796556,696574394.6796556,696574394.6796556,696574394.6796556,696574394.6796556,696574394.6796556,696574394.6796556,696574394.6796556
678116609.5935758,678116609.5935758,678116609.5935758,678116609.5935758,678116609.5935758,678116609.5935758,678116609.5935758,678116609.5935758,678116609.5935758,678116609.5935758
678116609.5935758,678116609.5935758,678116609.5935758,678116609.5935758,678116609.5935758,678116609.5935758,678116609.5935758,678116609.5935758,678116609.5935758,678116609.5935758
678116609.5935758,678116609.5935758,678116609.5935758,678116609.5935758,678116609.5935758,678116609.5935758,678116609.5935758,678116609.5935758,678116609.5935758,678116609.5935758
678116609.5935758,678116609.5935758,678116609.5935758,678116609.5935758,678116609.5935758,678116609.5935758,678116609.5935758,678116609.5935758,678116609.5935758,678116609.5935758
678116609.5935758,678116609.5935758,678116609.5935758,678116609.5935758,678116609.5935758,678116609.5935758,678116609.5935758,678116609.5935758,678116609.5935758,678116609.5935758
675304244.6098953,675304244.6098953,675304244.6098953,675304244.6098953,675304244.6098953,675304244.6098953,675304244.6098953,675304244.6098953,675304244.6098953,675304244.6098953
675304244.6098953,675304244.6098953,675304244.6098953,675304244.6098953,675304244.6098953,675304244.6098953,675304244.6098953,675304244.6098953,675304244.6098953,675304244.6098953
675304244.6098953,675304244.6098953,675304244.6098953,675304244.6098953,675304244.6098953,675304244.6098953,675304244.6098953,675304244.6098953,675304244.6098953,675304244.6098953
673063431.408179,673063431.408179,673063431.408179,673063431.408179,673063431.408179,673063431.408179,673063431.408179,673063431.408179,673063431.408179,673063431.408179
673063431.408179,673063431.408179,673063431.408179,673063431.408179,673063431.408179,673063431.408179,673063431.408179,673063431.408179,673063431.408179,673063431.408179
673063431.408179,673063431.408179,673063431.408179,673063431.408179,673063431.408179,673063431.408179,673063431.408179,673063431.408179,673063431.408179,673063431.408179
663979500.6598202,663979500.6598202,663979500.6598202,663979500.6598202,663979500.6598202,663979500.6598202,663979500.6598202,663979500.6598202,663979500.6598202,663979500.6598202
663979500.6598202,663979500.6598202,663979500.6598202,663979500.6598202,663979500.6598202,663979500.6598202,663979500.6598202,663979500.6598202,663979500.6598202,663979500.6598202
663979500.6598202,663979500.6598202,663979500.6598202,663979500.6598202,663979500.6598202,663979500.6598202,663979500.6598202,663979500.6598202,663979500.6598202,663979500.6598202
663979500.6598202,663979500.6598202,663979500.6598202,663979500.6598202,663979500.6598202,663979500.6598202,663979500.6598202,663979500.6598202,663979500.6598202,663979500.6598202
663979500.6598202,663979500.6598202,663979500.6598202,663979500.6598202,663979500.6598202,663979500.6598202,663979500.6598202,663979500.6598202,663979500.6598202,663979500.6598202
663979500.6598202,663979500.6598202,663979500.6598202,663979500.6598202,663979500.6598202,663979500.6598202,663979500.6598202,663979500.6598202,663979500.6598202,663979500.6598202
663979500.6598202,663979500.6598202,663979500.6598202,663979500.6598202,663979500.6598202,663979500.6598202,663979500.6598202,663979500.6598202,663979500.6598202,663979500.6598202
663979500.6598202,663979500.6598202,663979500.6598202,663979500.6598202,663979500.6598202,663979500.6598202,663979500.6598202,663979500.6598202,663979500.6598202,663979500.6598202
663979500.6598202,663979500.6598202,663979500.6598202,663979500.6598202,663979500.6598202,663979500.6598202,663979500.6598202,663979500.6598202,663979500.6598202,663979500.6598202
663979500.6598202,663979500.6598202,663979500.6598202,663979500.6598202,663979500.6598202,663979500.6598202,663979500.6598202,663979500.6598202,663979500.6598202,663979500.6598202
663979500.6598202,663979500.6598202,663979500.6598202,663979500.6598202,663979500.6598202,663979500.6598202,663979500.6598202,663979500.6598202,663979500.6598202,663979500.6598202
657805355.6962215,657805355.6962215,657805355.6962215,657805355.6962215,657805355.6962215,657805355.6962215,657805355.6962215,657805355.6962215,657805355.6962215,657805355.6962215
657805355.6962215,657805355.6962215,657805355.6962215,657805355.6962215,657805355.6962215,657805355.6962215,657805355.6962215,657805355.6962215,657805355.6962215,657805355.6962215
657805355.6962215,657805355.6962215,657805355.6962215,657805355.6962215,657805355.6962215,657805355.6962215,657805355.6962215,657805355.6962215,657805355.6962215,657805355.6962215
657805355.6962215,657805355.6962215,657805355.6962215,657805355.6962215,657805355.6962215,657805355.6962215,657805355.6962215,657805355.6962215,657805355.6962215,657805355.6962215
657805355.6962215,657805355.6962215,657805355.6962215,657805355.6962215,657805355.6962215,657805355.6962215,657805355.6962215,657805355.6962215,657805355.6962215,657805355.6962215
657805355.6962215,657805355.6962215,657805355.6962215,657805355.6962215,657805355.6962215,657805355.6962215,657805355.6962215,657805355.6962215,657805355.6962215,657805355.6962215
657805355.6962215,657805355.6962215,657805355.6962215,657805355.6962215,657805355.6962215,657805355.6962215,657805355.6962215,657805355.6962215,657805355.6962215,657805355.6962215
657805355.6962215,657805355.6962215,657805355.6962215,657805355.6962215,657805355.6962215,657805355.6962215,657805355.6962215,657805355.6962215,657805355.6962215,657805355.6962215
657805355.6962215,657805355.6962215,657805355.6962215,657805355.6962215,657805355.6962215,657805355.6962215,657805355.6962215,657805355.6962215,657805355.6962215,657805355.6962215
652279957.6146519,652279957.6146519,652279957.6146519,652279957.6146519,652279957.6146519,652279957.6146519,652279957.6146519,652279957.6146519,652279957.6146519,652279957.6146519
652279957.6146519,652279957.6146519,652279957.6146519,652279957.6146519,652279957.6146519,652279957.6146519,652279957.6146519,652279957.6146519,652279957.6146519,652279957.6146519
652279957.6146519,652279957.6146519,652279957.6146519,652279957.6146519,652279957.6146519,652279957.6146519,652279957.6146519,652279957.6146519,652279957.6146519,652279957.6146519
652279957.6146519,652279957.6146519,652279957.6146519,652279957.6146519,652279957.6146519,652279957.6146519,652279957.6146519,652279957.6146519,652279957.6146519,652279957.6146519
639018662.4985571,639018662.4985571,639018662.4985571,639018662.4985571,639018662.4985571,639018662.4985571,639018662.4985571,639018662.4985571,639018662.4985571,639018662.4985571
639018662.4985571,639018662.4985571,639018662.4985571,639018662.4985571,639018662.4985571,639018662.4985571,639018662.4985571,639018662.4985571,639018662.4985571,639018662.4985571
639018662.4985571,639018662.4985571,639018662.4985571,639018662.4985571,639018662.4985571,639018662.4985571,639018662.4985571,639018662.4985571,639018662.4985571,639018662.4985571
639018662.4985571,639018662.4985571,639018662.4985571,639018662.4985571,639018662.4985571,639018662.4985571,639018662.4985571,639018662.4985571,639018662.4985571,639018662.4985571
637965028.5500149,637965028.5500149,637965028.5500149,637965028.5500149,637965028.5500149,637965028.5500149,637965028.5500149,637965028.5500149,637965028.5500149,637965028.5500149
637965028.5500149,637965028.5500149,637965028.5500149,637965028.5500149,637965028.5500149,637965028.5500149,637965028.5500149,637965028.5500149,637965028.5500149,637965028.5500149
637965028.5500149,637965028.5500149,637965028.5500149,637965028.5500149,637965028.5500149,637965028.5500149,637965028.5500149,637965028.5500149,637965028.5500149,637965028.5500149
637965028.5500149,637965028.5500149,637965028.5500149,637965028.5500149,637965028.5500149,637965028.5500149,637965028.5500149,637965028.5500149,637965028.5500149,637965028.5500149
637965028.5500149,637965028.5500149,637965028.5500149,637965028.5500149,637965028.5500149,637965028.5500149,637965028.5500149,637965028.5500149,637965028.5500149,637965028.5500149
637965028.5500149,637965028.5500149,637965028.5500149,637965028.5500149,637965028.5500149,637965028.5500149,637965028.5500149,637965028.5500149,637965028.5500149,637965028.5500149
637965028.5500149,637965028.5500149,637965028.5500149,637965028.5500149,637965028.5500149,637965028.5500149,637965028.5500149,637965028.5500149,637965028.5500149,637965028.5500149
637965028.5500149,637965028.5500149,637965028.5500149,637965028.5500149,637965028.5500149,637965028.5500149,637965028.5500149,637965028.5500149,637965028.5500149,637965028.5500149
637965028.5500149,637965028.5500149,637965028.5500149,637965028.5500149,637965028.5500149,637965028.5500149,637965028.5500149,637965028.5500149,637965028.5500149,637965028.5500149
637965028.5500149,637965028.5500149,637965028.5500149,637965028.5500149,637965028.5500149,637965028.5500149,637965028.5500149,637965028.5500149,637965028.5500149,637965028.5500149
637965028.5500149,637965028.5500149,637965028.5500149,637965028.5500149,637965028.5500149,637965028.5500149,637965028.5500149,637965028.5500149,637965028.5500149,637965028.5500149
637965028.5500149,637965028.5500149,637965028.5500149,637965028.5500149,637965028.5500149,637965028.5500149,637965028.5500149,637965028.5500149,637965028.5500149,637965028.5500149
630118902.2764575,630118902.2764575,630118902.2764575,630118902.2764575,630118902.2764575,630118902.2764575,630118902.2764575,630118902.2764575,630118902.2764575,630118902.2764575
628297976.1922419,628297976.1922419,628297976.1922419,628297976.1922419,628297976.1922419,628297976.1922419,628297976.1922419,628297976.1922419,628297976.1922419,628297976.1922419
626063043.3175069,626063043.3175069,626063043.3175069,626063043.3175069,626063043.3175069,626063043.3175069,626063043.3175069,626063043.3175069,626063043.3175069,626063043.3175069
620712349.8311123,620712349.8311123,620712349.8311123,620712349.8311123,620712349.8311123,620712349.8311123,620712349.8311123,620712349.8311123,620712349.8311123,620712349.8311123
620712349.8311123,620712349.8311123,620712349.8311123,620712349.8311123,620712349.8311123,620712349.8311123,620712349.8311123,620712349.8311123,620712349.8311123,620712349.8311123
620712349.8311123,620712349.8311123,620712349.8311123,620712349.8311123,620712349.8311123,620712349.8311123,620712349.8311123,620712349.8311123,620712349.8311123,620712349.8311123
620712349.8311123,620712349.8311123,620712349.8311123,620712349.8311123,620712349.8311123,620712349.8311123,620712349.8311123,620712349.8311123,620712349.8311123,620712349.8311123
618640461.7795659,618640461.7795659,618640461.7795659,618640461.7795659,618640461.7795659,618640461.7795659,618640461.7795659,618640461.7795659,618640461.7795659,618640461.7795659
618640461.7795659,618640461.7795659,618640461.7795659,618640461.7795659,618640461.7795659,618640461.7795659,618640461.7795659,618640461.7795659,618640461.7795659,618640461.7795659
618640461.7795659,618640461.7795659,618640461.7795659,618640461.7795659,618640461.7795659,618640461.7795659,618640461.7795659,618640461.7795659,618640461.7795659,618640461.7795659
618640461.7795659,618640461.7795659,618640461.7795659,618640461.7795659,618640461.7795659,618640461.7795659,618640461.7795659,618640461.7795659,618640461.7795659,618640461.7795659
616784509.1185347,616784509.1185347,616784509.1185347,616784509.1185347,616784509.1185347,616784509.1185347,616784509.1185347,616784509.1185347,616784509.1185347,616784509.1185347
616784509.1185347,616784509.1185347,616784509.1185347,616784509.1185347,616784509.1185347,616784509.1185347,616784509.1185347,616784509.1185347,616784509.1185347,616784509.1185347
616784509.1185347,616784509.1185347,616784509.1185347,616784509.1185347,616784509.1185347,616784509.1185347,616784509.1185347,616784509.1185347,616784509.1185347,616784509.1185347
616784509.1185347,616784509.1185347,616784509.1185347,616784509.1185347,616784509.1185347,616784509.1185347,616784509.1185347,616784509.1185347,616784509.1185347,616784509.1185347
616784509.1185347,616784509.1185347,616784509.1185347,616784509.1185347,616784509.1185347,616784509.1185347,616784509.1185347,616784509.1185347,616784509.1185347,616784509.1185347
616784509.1185347,616784509.1185347,616784509.1185347,616784509.1185347,616784509.1185347,616784509.1185347,616784509.1185347,616784509.1185347,616784509.1185347,616784509.1185347
616784509.1185347,616784509.1185347,616784509.1185347,616784509.1185347,616784509.1185347,616784509.1185347,616784509.1185347,616784509.1185347,616784509.1185347,616784509.1185347
606756256.7551454,606756256.7551454,606756256.7551454,606756256.7551454,606756256.7551454,606756256.7551454,606756256.7551454,606756256.7551454,606756256.7551454,606756256.7551454
606756256.7551454,606756256.7551454,606756256.7551454,606756256.7551454,606756256.7551454,606756256.7551454,606756256.7551454,606756256.7551454,606756256.7551454,606756256.7551454
593028087.2048947,593028087.2048947,593028087.2048947,593028087.2048947,593028087.2048947,593028087.2048947,593028087.2048947,593028087.2048947,593028087.2048947,593028087.2048947
593028087.2048947,593028087.2048947,593028087.2048947,593028087.2048947,593028087.2048947,593028087.2048947,593028087.2048947,593028087.2048947,593028087.2048947,593028087.2048947
593028087.2048947,593028087.2048947,593028087.2048947,593028087.2048947,593028087.2048947,593028087.2048947,593028087.2048947,593028087.2048947,593028087.2048947,593028087.2048947
593028087.2048947,593028087.2048947,593028087.2048947,593028087.2048947,593028087.2048947,593028087.2048947,593028087.2048947,593028087.2048947,593028087.2048947,593028087.2048947
593028087.2048947,593028087.2048947,593028087.2048947,593028087.2048947,593028087.2048947,593028087.2048947,593028087.2048947,593028087.2048947,593028087.2048947,593028087.2048947
593028087.2048947,593028087.2048947,593028087.2048947,593028087.2048947,593028087.2048947,593028087.2048947,593028087.2048947,593028087.2048947,593028087.2048947,593028087.2048947
593028087.2048947,593028087.2048947,593028087.2048947,593028087.2048947,593028087.2048947,593028087.2048947,593028087.2048947,593028087.2048947,593028087.2048947,593028087.2048947
593028087.2048947,593028087.2048947,593028087.2048947,593028087.2048947,593028087.2048947,593028087.2048947,593028087.2048947,593028087.2048947,593028087.2048947,593028087.2048947
593028087.2048947,593028087.2048947,593028087.2048947,593028087.2048947,593028087.2048947,593028087.2048947,593028087.2048947,593028087.2048947,593028087.2048947,593028087.2048947
592152534.2493018,592152534.2493018,592152534.2493018,592152534.2493018,592152534.2493018,592152534.2493018,592152534.2493018,592152534.2493018,592152534.2493018,592152534.2493018
592152534.2493018,592152534.2493018,592152534.2493018,592152534.2493018,592152534.2493018,592152534.2493018,592152534.2493018,592152534.2493018,592152534.2493018,592152534.2493018
592152534.2493018,592152534.2493018,592152534.2493018,592152534.2493018,592152534.2493018,592152534.2493018,592152534.2493018,592152534.2493018,592152534.2493018,592152534.2493018
592152534.2493018,592152534.2493018,592152534.2493018,592152534.2493018,592152534.2493018,592152534.2493018,592152534.2493018,592152534.2493018,592152534.2493018,592152534.2493018
592152534.2493018,592152534.2493018,592152534.2493018,592152534.2493018,592152534.2493018,592152534.2493018,592152534.2493018,592152534.2493018,592152534.2493018,592152534.2493018
592152534.2493018,592152534.2493018,592152534.2493018,592152534.2493018,592152534.2493018,592152534.2493018,592152534.2493018,592152534.2493018,592152534.2493018,592152534.2493018
581262305.109144,581262305.109144,581262305.109144,581262305.109144,581262305.109144,581262305.109144,581262305.109144,581262305.109144,581262305.109144,581262305.109144
581262305.109144,581262305.109144,581262305.109144,581262305.109144,581262305.109144,581262305.109144,581262305.109144,581262305.109144,581262305.109144,581262305.109144
581262305.109144,581262305.109144,581262305.109144,581262305.109144,581262305.109144,581262305.109144,581262305.109144,581262305.109144,581262305.109144,581262305.109144
581262305.109144,581262305.109144,581262305.109144,581262305.109144,581262305.109144,581262305.109144,581262305.109144,581262305.109144,581262305.109144,581262305.109144
581262305.109144,581262305.109144,581262305.109144,581262305.109144,581262305.109144,581262305.109144,581262305.109144,581262305.109144,581262305.109144,581262305.109144
581262305.109144,581262305.109144,581262305.109144,581262305.109144,581262305.109144,581262305.109144,581262305.109144,581262305.109144,581262305.109144,581262305.109144
581262305.109144,581262305.109144,581262305.109144,581262305.109144,581262305.109144,581262305.109144,581262305.109144,581262305.109144,581262305.109144,581262305.109144
581262305.109144,581262305.109144,581262305.109144,581262305.109144,581262305.109144,581262305.109144,581262305.109144,581262305.109144,581262305.109144,581262305.109144
581262305.109144,581262305.109144,581262305.109144,581262305.109144,581262305.109144,581262305.109144,581262305.109144,581262305.109144,581262305.109144,581262305.109144
581262305.109144,581262305.109144,581262305.109144,581262305.109144,581262305.109144,581262305.109144,581262305.109144,581262305.109144,581262305.109144,581262305.109144
578793632.6188368,578793632.6188368,578793632.6188368,578793632.6188368,578793632.6188368,578793632.6188368,578793632.6188368,578793632.6188368,578793632.6188368,578793632.6188368
578793632.6188368,578793632.6188368,578793632.6188368,578793632.6188368,578793632.6188368,578793632.6188368,578793632.6188368,578793632.6188368,578793632.6188368,578793632.6188368
578793632.6188368,578793632.6188368,578793632.6188368,578793632.6188368,578793632.6188368,578793632.6188368,578793632.6188368,578793632.6188368,578793632.6188368,578793632.6188368
578793632.6188368,578793632.6188368,578793632.6188368,578793632.6188368,578793632.6188368,578793632.6188368,578793632.6188368,578793632.6188368,578793632.6188368,578793632.6188368
578793632.6188368,578793632.6188368,578793632.6188368,578793632.6188368,578793632.6188368,578793632.6188368,578793632.6188368,578793632.6188368,578793632.6188368,578793632.6188368
578793632.6188368,578793632.6188368,578793632.6188368,578793632.6188368,578793632.6188368,578793632.6188368,578793632.6188368,578793632.6188368,578793632.6188368,578793632.6188368
578793632.6188368,578793632.6188368,578793632.6188368,578793632.6188368,578793632.6188368,578793632.6188368,578793632.6188368,578793632.6188368,578793632.6188368,578793632.6188368
578793632.6188368,578793632.6188368,578793632.6188368,578793632.6188368,578793632.6188368,578793632.6188368,578793632.6188368,578793632.6188368,578793632.6188368,578793632.6188368
578793632.6188368,578793632.6188368,578793632.6188368,578793632.6188368,578793632.6188368,578793632.6188368,578793632.6188368,578793632.6188368,578793632.6188368,578793632.6188368
578793632.6188368,578793632.6188368,578793632.6188368,578793632.6188368,578793632.6188368,578793632.6188368,578793632.6188368,578793632.6188368,578793632.6188368,578793632.6188368
578793632.6188368,578793632.6188368,578793632.6188368,578793632.6188368,578793632.6188368,578793632.6188368,578793632.6188368,578793632.6188368,578793632.6188368,578793632.6188368
578793632.6188368,578793632.6188368,578793632.6188368,578793632.6188368,578793632.6188368,578793632.6188368,578793632.6188368,578793632.6188368,578793632.6188368,578793632.6188368
578793632.6188368,578793632.6188368,578793632.6188368,578793632.6188368,578793632.6188368,578793632.6188368,578793632.6188368,578793632.6188368,578793632.6188368,578793632.6188368
578793632.6188368,578793632.6188368,578793632.6188368,578793632.6188368,578793632.6188368,578793632.6188368,578793632.6188368,578793632.6188368,578793632.6188368,578793632.6188368
578793632.6188368,578793632.6188368,578793632.6188368,578793632.6188368,578793632.6188368,578793632.6188368,578793632.6188368,578793632.6188368,578793632.6188368,578793632.6188368
578793632.6188368,578793632.6188368,578793632.6188368,578793632.6188368,578793632.6188368,578793632.6188368,578793632.6188368,578793632.6188368,578793632.6188368,578793632.6188368
578793632.6188368,578793632.6188368,578793632.6188368,578793632.6188368,578793632.6188368,578793632.6188368,578793632.6188368,578793632.6188368,578793632.6188368,578793632.6188368
578793632.6188368,578793632.6188368,578793632.6188368,578793632.6188368,578793632.6188368,578793632.6188368,578793632.6188368,578793632.6188368,578793632.6188368,578793632.6188368
578793632.6188368,578793632.6188368,578793632.6188368,578793632.6188368,578793632.6188368,578793632.6188368,578793632.6188368,578793632.6188368,578793632.6188368,578793632.6188368
578793632.6188368,578793632.6188368,578793632.6188368,578793632.6188368,578793632.6188368,578793632.6188368,578793632.6188368,578793632.6188368,578793632.6188368,578793632.6188368
578793632.6188368,578793632.6188368,578793632.6188368,578793632.6188368,578793632.6188368,578793632.6188368,578793632.6188368,578793632.6188368,578793632.6188368,578793632.6188368
509622972.7021724,509622972.7021724,509622972.7021724,509622972.7021724,509622972.7021724,509622972.7021724,509622972.7021724,509622972.7021724,509622972.7021724,509622972.7021724
473736702.9769336,473736702.9769336,473736702.9769336,473736702.9769336,473736702.9769336,473736702.9769336,473736702.9769336,473736702.9769336,473736702.9769336,473736702.9769336
473736702.9769336,473736702.9769336,473736702.9769336,473736702.9769336,473736702.9769336,473736702.9769336,473736702.9769336,473736702.9769336,473736702.9769336,473736702.9769336
473736702.9769336,473736702.9769336,473736702.9769336,473736702.9769336,473736702.9769336,473736702.9769336,473736702.9769336,473736702.9769336,473736702.9769336,473736702.9769336
473736702.9769336,473736702.9769336,473736702.9769336,473736702.9769336,473736702.9769336,473736702.9769336,473736702.9769336,473736702.9769336,473736702.9769336,473736702.9769336
471074031.19349086,471074031.19349086,471074031.19349086,471074031.19349086,471074031.19349086,471074031.19349086,471074031.19349086,471074031.19349086,471074031.19349086,471074031.19349086
471074031.19349086,471074031.19349086,471074031.19349086,471074031.19349086,471074031.19349086,471074031.19349086,471074031.19349086,471074031.19349086,471074031.19349086,471074031.19349086
471074031.19349086,471074031.19349086,471074031.19349086,471074031.19349086,471074031.19349086,471074031.19349086,471074031.19349086,471074031.19349086,471074031.19349086,471074031.19349086
470956403.90216684,470956403.90216684,470956403.90216684,470956403.90216684,470956403.90216684,470956403.90216684,470956403.90216684,470956403.90216684,470956403.90216684,470956403.90216684
470956403.90216684,470956403.90216684,470956403.90216684,470956403.90216684,470956403.90216684,470956403.90216684,470956403.90216684,470956403.90216684,470956403.90216684,470956403.90216684
470956403.90216684,470956403.90216684,470956403.90216684,470956403.90216684,470956403.90216684,470956403.90216684,470956403.90216684,470956403.90216684,470956403.90216684,470956403.90216684
470956403.90216684,470956403.90216684,470956403.90216684,470956403.90216684,470956403.90216684,470956403.90216684,470956403.90216684,470956403.90216684,470956403.90216684,470956403.90216684
470956403.90216684,470956403.90216684,470956403.90216684,470956403.90216684,470956403.90216684,470956403.90216684,470956403.90216684,470956403.90216684,470956403.90216684,470956403.90216684
470956403.90216684,470956403.90216684,470956403.90216684,470956403.90216684,470956403.90216684,470956403.90216684,470956403.90216684,470956403.90216684,470956403.90216684,470956403.90216684
470956403.90216684,470956403.90216684,470956403.90216684,470956403.90216684,470956403.90216684,470956403.90216684,470956403.90216684,470956403.90216684,470956403.90216684,470956403.90216684
470956403.90216684,470956403.90216684,470956403.90216684,470956403.90216684,470956403.90216684,470956403.90216684,470956403.90216684,470956403.90216684,470956403.90216684,470956403.90216684
470956403.90216684,470956403.90216684,470956403.90216684,470956403.90216684,470956403.90216684,470956403.90216684,470956403.90216684,470956403.90216684,470956403.90216684,470956403.90216684
470956403.90216684,470956403.90216684,470956403.90216684,470956403.90216684,470956403.90216684,470956403.90216684,470956403.90216684,470956403.90216684,470956403.90216684,470956403.90216684
470642109.01163745,470642109.01163745,470642109.01163745,470642109.01163745,470642109.01163745,470642109.01163745,470642109.01163745,470642109.01163745,470642109.01163745,470642109.01163745
470642109.01163745,470642109.01163745,470642109.01163745,470642109.01163745,470642109.01163745,470642109.01163745,470642109.01163745,470642109.01163745,470642109.01163745,470642109.01163745
470642109.01163745,470642109.01163745,470642109.01163745,470642109.01163745,470642109.01163745,470642109.01163745,470642109.01163745,470642109.01163745,470642109.01163745,470642109.01163745
470642109.01163745,470642109.01163745,470642109.01163745,470642109.01163745,470642109.01163745,470642109.01163745,470642109.01163745,470642109.01163745,470642109.01163745,470642109.01163745
470642109.01163745,470642109.01163745,470642109.01163745,470642109.01163745,470642109.01163745,470642109.01163745,470642109.01163745,470642109.01163745,470642109.01163745,470642109.01163745
470642109.01163745,470642109.01163745,470642109.01163745,470642109.01163745,470642109.01163745,470642109.01163745,470642109.01163745,470642109.01163745,470642109.01163745,470642109.01163745
457528573.78725064,457528573.78725064,457528573.78725064,457528573.78725064,457528573.78725064,457528573.78725064,457528573.78725064,457528573.78725064,457528573.78725064,457528573.78725064
457528573.78725064,457528573.78725064,457528573.78725064,457528573.78725064,457528573.78725064,457528573.78725064,457528573.78725064,457528573.78725064,457528573.78725064,457528573.78725064
438780482.8682976,438780482.8682976,438780482.8682976,438780482.8682976,438780482.8682976,438780482.8682976,438780482.8682976,438780482.8682976,438780482.8682976,438780482.8682976
438780482.8682976,438780482.8682976,438780482.8682976,438780482.8682976,438780482.8682976,438780482.8682976,438780482.8682976,438780482.8682976,438780482.8682976,438780482.8682976
438780482.8682976,438780482.8682976,438780482.8682976,438780482.8682976,438780482.8682976,438780482.8682976,438780482.8682976,438780482.8682976,438780482.8682976,438780482.8682976
436065572.5081255,436065572.5081255,436065572.5081255,436065572.5081255,436065572.5081255,436065572.5081255,436065572.5081255,436065572.5081255,436065572.5081255,436065572.5081255
436065572.5081255,436065572.5081255,436065572.5081255,436065572.5081255,436065572.5081255,436065572.5081255,436065572.5081255,436065572.5081255,436065572.5081255,436065572.5081255
